[(381, 392), (392, 382), (382, 381)]
[(302, 304), (304, 303), (303, 302)]
[(86, 129), (129, 87), (87, 86)]
[(47, 40), (40, 39), (39, 47)]
[(601, 649), (649, 623), (623, 601)]
[(657, 661), (661, 658), (658, 657)]
[(75, 78), (78, 76), (76, 75)]
[(193, 187), (187, 225), (225, 193)]
[(595, 591), (591, 589), (589, 595)]
[(293, 262), (262, 261), (261, 293)]
[(408, 407), (407, 422), (422, 408)]
[(431, 367), (367, 366), (366, 431)]
[(8, 25), (25, 9), (9, 8)]
[(360, 428), (428, 361), (361, 360)]
[(239, 265), (265, 240), (240, 239)]
[(447, 444), (444, 453), (453, 447)]
[(586, 582), (582, 581), (581, 586)]
[(237, 232), (232, 247), (247, 237)]
[(545, 368), (368, 346), (346, 545)]
[(121, 120), (120, 299), (299, 121)]
[(20, 27), (27, 21), (21, 20)]
[(55, 5), (5, 4), (4, 55)]
[(568, 643), (643, 590), (590, 568)]
[(532, 539), (539, 536), (536, 532)]
[(550, 549), (549, 548), (548, 550)]
[(475, 515), (515, 476), (476, 475)]
[(629, 627), (627, 631), (631, 629)]
[(203, 266), (266, 204), (204, 203)]
[(105, 106), (106, 486), (486, 105)]
[(616, 615), (615, 624), (624, 616)]
[(504, 502), (502, 547), (547, 504)]
[(62, 60), (60, 59), (59, 62)]
[(255, 241), (241, 233), (233, 255)]
[(276, 356), (356, 282), (282, 276)]
[(505, 497), (497, 510), (510, 505)]
[(593, 592), (592, 594), (594, 593)]
[(0, 112), (112, 1), (1, 0)]
[(620, 618), (618, 633), (633, 620)]
[(263, 259), (259, 294), (294, 263)]
[(243, 250), (250, 245), (245, 243)]
[(93, 92), (92, 338), (338, 93)]
[(402, 388), (388, 385), (385, 402)]
[(312, 301), (301, 77), (77, 312)]
[(480, 473), (473, 472), (472, 480)]
[(184, 183), (183, 206), (206, 184)]
[(98, 95), (95, 96), (96, 98)]
[(588, 563), (563, 562), (562, 588)]
[(642, 146), (146, 135), (135, 642)]
[(538, 535), (535, 533), (533, 538)]
[(173, 177), (177, 175), (175, 173)]
[(242, 234), (234, 231), (231, 242)]
[(559, 558), (558, 583), (583, 559)]
[(325, 333), (333, 328), (328, 325)]
[(88, 324), (324, 89), (89, 88)]
[(226, 192), (192, 189), (189, 226)]
[(123, 305), (305, 125), (125, 123)]
[(182, 181), (181, 199), (199, 182)]
[(427, 426), (426, 425), (425, 427)]
[(249, 248), (248, 264), (264, 249)]
[(566, 554), (554, 551), (551, 566)]
[(214, 213), (213, 218), (218, 214)]
[(527, 526), (526, 522), (522, 527)]
[(409, 415), (415, 410), (410, 409)]
[(390, 323), (323, 401), (401, 390)]
[(63, 53), (53, 54), (54, 63)]
[(150, 148), (148, 577), (577, 150)]
[(516, 525), (525, 520), (520, 516)]
[(655, 653), (653, 651), (651, 655)]
[(664, 22), (22, 665), (665, 664)]
[(608, 494), (494, 493), (493, 608)]
[(438, 436), (436, 440), (440, 438)]
[(207, 198), (198, 197), (197, 207)]
[(131, 84), (84, 83), (83, 131)]
[(426, 427), (427, 421), (421, 419), (419, 426)]
[(662, 9), (9, 25), (25, 666), (666, 662)]
[(541, 542), (542, 498), (498, 499), (499, 541)]
[(35, 2), (2, 24), (24, 157), (157, 35)]
[(152, 172), (172, 176), (176, 154), (154, 152)]
[(619, 620), (620, 633), (633, 632), (632, 619)]
[(295, 291), (291, 292), (292, 297), (297, 295)]
[(26, 23), (23, 17), (17, 18), (18, 26)]
[(433, 429), (429, 430), (430, 435), (435, 433)]
[(597, 574), (574, 575), (575, 600), (600, 597)]
[(76, 78), (78, 257), (257, 235), (235, 76)]
[(45, 47), (47, 39), (39, 38), (38, 45)]
[(321, 316), (316, 314), (314, 320), (320, 321)]
[(504, 547), (547, 544), (544, 503), (503, 504)]
[(446, 650), (650, 646), (646, 434), (434, 446)]
[(153, 154), (154, 176), (176, 162), (162, 153)]
[(119, 117), (117, 303), (303, 304), (304, 119)]
[(124, 68), (68, 111), (111, 637), (637, 124)]
[(213, 210), (210, 209), (209, 218), (218, 213)]
[(540, 488), (488, 489), (489, 567), (567, 540)]
[(313, 306), (306, 317), (317, 441), (441, 313)]
[(462, 330), (330, 331), (331, 463), (463, 462)]
[(191, 186), (186, 204), (204, 266), (266, 191)]
[(258, 288), (288, 270), (270, 256), (256, 258)]
[(28, 32), (32, 34), (34, 29), (29, 28)]
[(374, 363), (363, 364), (364, 375), (375, 374)]
[(469, 480), (480, 472), (472, 470), (470, 469)]
[(483, 529), (529, 478), (478, 474), (474, 483)]
[(328, 333), (333, 332), (332, 327), (327, 328)]
[(170, 344), (344, 350), (350, 171), (171, 170)]
[(12, 7), (7, 675), (675, 676), (676, 12)]
[(329, 330), (330, 462), (462, 451), (451, 329)]
[(59, 51), (51, 50), (50, 62), (62, 59)]
[(113, 130), (130, 122), (122, 101), (101, 113)]
[(600, 598), (598, 596), (596, 597), (597, 600)]
[(342, 343), (343, 164), (164, 163), (163, 342)]
[(655, 654), (654, 652), (652, 653), (653, 655)]
[(537, 538), (538, 533), (533, 531), (531, 537)]
[(370, 371), (371, 439), (439, 437), (437, 370)]
[(167, 194), (194, 274), (274, 169), (169, 167)]
[(77, 301), (301, 279), (279, 67), (67, 77)]
[(1, 334), (334, 223), (223, 0), (0, 1)]
[(639, 635), (635, 613), (613, 614), (614, 639)]
[(264, 248), (248, 244), (244, 252), (252, 264)]
[(339, 340), (340, 287), (287, 286), (286, 339)]
[(529, 483), (483, 484), (484, 530), (530, 529)]
[(349, 280), (280, 278), (278, 389), (389, 349)]
[(288, 284), (284, 269), (269, 270), (270, 288)]
[(365, 376), (376, 375), (375, 364), (364, 365)]
[(499, 500), (500, 543), (543, 541), (541, 499)]
[(347, 372), (372, 354), (354, 345), (345, 347)]
[(442, 318), (318, 319), (319, 443), (443, 442)]
[(31, 43), (43, 11), (11, 10), (10, 31)]
[(416, 422), (422, 407), (407, 405), (405, 416)]
[(85, 128), (128, 129), (129, 86), (86, 85)]
[(398, 397), (397, 415), (415, 409), (409, 398)]
[(565, 553), (553, 554), (554, 566), (566, 565)]
[(355, 361), (361, 428), (428, 358), (358, 355)]
[(657, 659), (659, 660), (660, 661), (661, 657)]
[(455, 449), (449, 450), (450, 461), (461, 455)]
[(490, 357), (357, 368), (368, 545), (545, 490)]
[(537, 531), (531, 530), (530, 484), (484, 485), (485, 537)]
[(23, 26), (26, 27), (27, 20), (20, 19), (19, 23)]
[(297, 292), (292, 293), (293, 261), (261, 260), (260, 297)]
[(433, 432), (432, 378), (378, 377), (377, 429), (429, 433)]
[(370, 437), (437, 438), (438, 440), (440, 369), (369, 370)]
[(336, 337), (337, 326), (326, 327), (327, 332), (332, 336)]
[(423, 643), (643, 568), (568, 557), (557, 412), (412, 423)]
[(93, 338), (338, 337), (337, 336), (336, 91), (91, 93)]
[(49, 58), (58, 60), (60, 62), (62, 50), (50, 49)]
[(161, 162), (162, 176), (176, 172), (172, 166), (166, 161)]
[(607, 604), (604, 602), (602, 603), (603, 606), (606, 607)]
[(414, 413), (413, 420), (420, 424), (424, 417), (417, 414)]
[(621, 622), (622, 631), (631, 627), (627, 626), (626, 621)]
[(222, 242), (242, 231), (231, 229), (229, 221), (221, 222)]
[(44, 677), (677, 674), (674, 11), (11, 43), (43, 44)]
[(267, 287), (287, 340), (340, 341), (341, 271), (271, 267)]
[(243, 227), (227, 215), (215, 216), (216, 250), (250, 243)]
[(295, 297), (297, 260), (260, 263), (263, 294), (294, 295)]
[(70, 72), (72, 73), (73, 71), (71, 66), (66, 70)]
[(95, 80), (80, 94), (94, 97), (97, 96), (96, 95)]
[(424, 420), (420, 421), (421, 427), (427, 425), (425, 424)]
[(628, 617), (617, 619), (619, 632), (632, 630), (630, 628)]
[(460, 458), (458, 540), (540, 567), (567, 564), (564, 460)]
[(105, 486), (486, 487), (487, 481), (481, 104), (104, 105)]
[(339, 308), (308, 309), (309, 341), (341, 340), (340, 339)]
[(534, 468), (468, 479), (479, 512), (512, 523), (523, 534)]
[(196, 198), (198, 207), (207, 180), (180, 178), (178, 196)]
[(341, 309), (309, 310), (310, 272), (272, 271), (271, 341)]
[(400, 402), (402, 385), (385, 384), (384, 399), (399, 400)]
[(320, 314), (314, 307), (307, 126), (126, 127), (127, 320)]
[(254, 253), (253, 238), (238, 240), (240, 265), (265, 254)]
[(517, 513), (513, 514), (514, 527), (527, 522), (522, 517)]
[(670, 33), (33, 32), (32, 28), (28, 669), (669, 670)]
[(15, 6), (6, 7), (7, 12), (12, 14), (14, 15)]
[(34, 32), (32, 33), (33, 36), (36, 37), (37, 34)]
[(432, 439), (439, 371), (371, 362), (362, 378), (378, 432)]
[(55, 523), (523, 512), (512, 634), (634, 5), (5, 55)]
[(209, 147), (147, 145), (145, 214), (214, 218), (218, 209)]
[(57, 84), (84, 131), (131, 130), (130, 113), (113, 57)]
[(18, 16), (16, 21), (21, 27), (27, 26), (26, 18)]
[(585, 560), (560, 561), (561, 570), (570, 569), (569, 585)]
[(241, 255), (255, 254), (254, 265), (265, 239), (239, 241)]
[(211, 208), (208, 215), (215, 227), (227, 219), (219, 211)]
[(576, 578), (578, 149), (149, 150), (150, 577), (577, 576)]
[(394, 395), (395, 399), (399, 384), (384, 380), (380, 394)]
[(230, 228), (228, 238), (238, 253), (253, 251), (251, 230)]
[(131, 83), (83, 82), (82, 122), (122, 130), (130, 131)]
[(635, 639), (639, 641), (641, 640), (640, 636), (636, 635)]
[(392, 381), (381, 383), (383, 393), (393, 391), (391, 392)]
[(412, 557), (557, 379), (379, 390), (390, 401), (401, 412)]
[(199, 181), (181, 180), (180, 207), (207, 197), (197, 199)]
[(230, 220), (220, 221), (221, 229), (229, 228), (228, 230)]
[(656, 445), (445, 667), (667, 146), (146, 642), (642, 656)]
[(12, 676), (676, 671), (671, 672), (672, 14), (14, 12)]
[(594, 595), (595, 589), (589, 587), (587, 593), (593, 594)]
[(304, 302), (302, 139), (139, 118), (118, 119), (119, 304)]
[(388, 402), (402, 400), (400, 403), (403, 387), (387, 388)]
[(454, 452), (452, 555), (555, 578), (578, 576), (576, 454)]
[(606, 603), (603, 492), (492, 494), (494, 608), (608, 606)]
[(637, 638), (638, 13), (13, 645), (645, 556), (556, 124), (124, 637)]
[(318, 442), (442, 158), (158, 156), (156, 441), (441, 317), (317, 318)]
[(546, 511), (511, 508), (508, 521), (521, 548), (548, 549), (549, 546)]
[(598, 599), (599, 141), (141, 140), (140, 584), (584, 596), (596, 598)]
[(656, 223), (223, 334), (334, 556), (556, 645), (645, 445), (445, 656)]
[(502, 505), (505, 510), (510, 509), (509, 544), (544, 547), (547, 502)]
[(179, 224), (224, 235), (235, 257), (257, 246), (246, 168), (168, 179)]
[(424, 425), (425, 426), (426, 419), (419, 418), (418, 417), (417, 424)]
[(264, 252), (252, 236), (236, 237), (237, 247), (247, 249), (249, 264)]
[(645, 13), (13, 24), (24, 2), (2, 667), (667, 445), (445, 645)]
[(473, 480), (480, 469), (469, 102), (102, 103), (103, 471), (471, 473)]
[(580, 573), (573, 574), (574, 597), (597, 596), (596, 584), (584, 580)]
[(61, 56), (56, 58), (58, 49), (49, 48), (48, 52), (52, 61)]
[(202, 226), (226, 189), (189, 191), (191, 266), (266, 203), (203, 202)]
[(74, 75), (75, 76), (76, 235), (235, 224), (224, 290), (290, 74)]
[(351, 352), (352, 359), (359, 360), (360, 361), (361, 355), (355, 351)]
[(267, 269), (269, 284), (284, 285), (285, 286), (286, 287), (287, 267)]
[(468, 534), (534, 56), (56, 61), (61, 64), (64, 501), (501, 468)]
[(569, 573), (573, 580), (580, 582), (582, 586), (586, 585), (585, 569)]
[(591, 595), (595, 594), (594, 592), (592, 572), (572, 571), (571, 591)]
[(628, 630), (630, 625), (625, 626), (626, 627), (627, 629), (629, 628)]
[(392, 391), (391, 389), (389, 278), (278, 277), (277, 382), (382, 392)]
[(312, 77), (77, 67), (67, 69), (69, 74), (74, 290), (290, 312)]
[(357, 490), (490, 479), (479, 468), (468, 501), (501, 335), (335, 357)]
[(116, 138), (138, 139), (139, 302), (302, 303), (303, 117), (117, 116)]
[(135, 112), (112, 0), (0, 223), (223, 656), (656, 642), (642, 135)]
[(48, 41), (41, 42), (42, 54), (54, 53), (53, 52), (52, 48)]
[(299, 120), (120, 114), (114, 125), (125, 305), (305, 298), (298, 299)]
[(310, 311), (311, 343), (343, 342), (342, 273), (273, 272), (272, 310)]
[(53, 63), (63, 65), (65, 64), (64, 61), (61, 52), (52, 53)]
[(516, 517), (517, 522), (522, 526), (526, 524), (524, 525), (525, 516)]
[(542, 541), (541, 543), (543, 546), (546, 549), (549, 550), (550, 542)]
[(99, 326), (326, 337), (337, 338), (338, 92), (92, 81), (81, 99)]
[(565, 566), (566, 551), (551, 459), (459, 460), (460, 564), (564, 565)]
[(415, 397), (397, 396), (396, 411), (411, 404), (404, 410), (410, 415)]
[(447, 159), (159, 158), (158, 442), (442, 443), (443, 444), (444, 447)]
[(275, 351), (351, 355), (355, 358), (358, 356), (356, 276), (276, 275)]
[(558, 560), (560, 585), (585, 586), (586, 581), (581, 583), (583, 558)]
[(579, 644), (644, 647), (647, 648), (648, 649), (649, 601), (601, 579)]
[(184, 206), (206, 205), (205, 200), (200, 195), (195, 196), (196, 178), (178, 184)]
[(495, 487), (487, 486), (486, 106), (106, 98), (98, 96), (96, 97), (97, 495)]
[(431, 366), (366, 369), (369, 440), (440, 436), (436, 435), (435, 430), (430, 431)]
[(151, 164), (164, 343), (343, 311), (311, 313), (313, 441), (441, 156), (156, 151)]
[(651, 653), (653, 652), (652, 647), (647, 644), (644, 646), (646, 650), (650, 651)]
[(160, 171), (171, 350), (350, 283), (283, 273), (273, 342), (342, 163), (163, 160)]
[(622, 621), (621, 109), (109, 108), (108, 605), (605, 616), (616, 624), (624, 622)]
[(100, 102), (102, 469), (469, 470), (470, 464), (464, 463), (463, 331), (331, 100)]
[(465, 476), (476, 515), (515, 514), (514, 513), (513, 507), (507, 467), (467, 465)]
[(448, 449), (449, 455), (455, 456), (456, 458), (458, 460), (460, 459), (459, 448)]
[(47, 45), (45, 44), (44, 43), (43, 31), (31, 30), (30, 40), (40, 47)]
[(391, 393), (393, 394), (394, 380), (380, 348), (348, 349), (349, 389), (389, 391)]
[(525, 524), (524, 528), (528, 536), (536, 539), (539, 519), (519, 520), (520, 525)]
[(632, 633), (633, 618), (618, 610), (610, 609), (609, 625), (625, 630), (630, 632)]
[(544, 509), (509, 511), (511, 546), (546, 543), (543, 500), (500, 503), (503, 544)]
[(668, 669), (669, 28), (28, 29), (29, 30), (30, 31), (31, 10), (10, 668)]
[(160, 163), (163, 164), (164, 151), (151, 153), (153, 162), (162, 161), (161, 160)]
[(672, 673), (673, 16), (16, 18), (18, 17), (17, 15), (15, 14), (14, 672)]
[(418, 416), (416, 405), (405, 404), (404, 411), (411, 414), (414, 417), (417, 418)]
[(588, 562), (562, 552), (552, 572), (572, 592), (592, 593), (593, 587), (587, 588)]
[(521, 518), (518, 506), (506, 498), (498, 542), (542, 550), (550, 548), (548, 521)]
[(107, 108), (108, 109), (109, 110), (110, 111), (111, 68), (68, 79), (79, 107)]
[(429, 377), (377, 376), (376, 365), (365, 367), (367, 431), (431, 430), (430, 429)]
[(289, 296), (296, 300), (300, 308), (308, 339), (339, 286), (286, 285), (285, 289)]
[(646, 644), (644, 579), (579, 590), (590, 643), (643, 423), (423, 434), (434, 646)]
[(615, 617), (617, 628), (628, 629), (629, 631), (631, 622), (622, 624), (624, 615)]
[(202, 203), (203, 204), (204, 186), (186, 185), (185, 195), (195, 200), (200, 202)]
[(438, 437), (437, 439), (439, 432), (432, 433), (433, 435), (435, 436), (436, 438)]
[(109, 621), (621, 626), (626, 625), (625, 609), (609, 611), (611, 110), (110, 109)]
[(165, 167), (167, 169), (169, 170), (170, 171), (171, 160), (160, 161), (161, 166), (166, 165)]
[(299, 298), (298, 300), (300, 296), (296, 137), (137, 138), (138, 116), (116, 121), (121, 299)]
[(332, 333), (333, 325), (325, 322), (322, 324), (324, 88), (88, 91), (91, 336), (336, 332)]
[(46, 35), (35, 157), (157, 212), (212, 201), (201, 190), (190, 179), (179, 168), (168, 46)]
[(591, 571), (571, 570), (570, 561), (561, 563), (563, 588), (588, 587), (587, 589), (589, 591)]
[(20, 21), (21, 16), (16, 673), (673, 663), (663, 665), (665, 22), (22, 19), (19, 20)]
[(613, 635), (635, 636), (636, 638), (638, 637), (637, 111), (111, 110), (110, 611), (611, 613)]
[(85, 89), (89, 324), (324, 322), (322, 321), (321, 320), (320, 127), (127, 128), (128, 85)]
[(136, 137), (137, 296), (296, 289), (289, 291), (291, 295), (295, 294), (294, 259), (259, 136)]
[(175, 174), (174, 165), (165, 166), (166, 172), (172, 152), (152, 155), (155, 173), (173, 175)]
[(577, 148), (148, 142), (142, 159), (159, 447), (447, 453), (453, 454), (454, 576), (576, 577)]
[(115, 141), (141, 599), (599, 602), (602, 604), (604, 605), (605, 108), (108, 107), (107, 115)]
[(600, 575), (575, 491), (491, 492), (492, 603), (603, 602), (602, 599), (599, 598), (598, 600)]
[(475, 477), (477, 528), (528, 524), (524, 526), (526, 527), (527, 514), (514, 515), (515, 475)]
[(411, 396), (396, 386), (386, 387), (387, 403), (403, 406), (406, 413), (413, 414), (414, 411)]
[(290, 224), (224, 179), (179, 190), (190, 268), (268, 279), (279, 301), (301, 312), (312, 290)]
[(396, 397), (397, 398), (398, 395), (395, 394), (394, 393), (393, 383), (383, 386), (386, 396)]
[(671, 612), (612, 623), (623, 649), (649, 648), (648, 663), (663, 673), (673, 672), (672, 671)]
[(246, 257), (257, 78), (78, 75), (75, 74), (74, 69), (69, 66), (66, 71), (71, 246)]
[(317, 306), (306, 307), (307, 314), (314, 316), (316, 315), (315, 319), (319, 318), (318, 317)]
[(497, 466), (466, 467), (467, 507), (507, 508), (508, 511), (511, 509), (509, 510), (510, 497)]
[(518, 521), (521, 508), (508, 507), (507, 513), (513, 517), (517, 516), (516, 520), (520, 519), (519, 518)]
[(258, 262), (262, 293), (293, 292), (292, 291), (291, 289), (289, 285), (285, 284), (284, 288), (288, 258)]
[(280, 349), (349, 348), (348, 347), (347, 345), (345, 344), (344, 170), (170, 169), (169, 274), (274, 280)]
[(103, 104), (104, 481), (481, 482), (482, 485), (485, 484), (484, 483), (483, 474), (474, 471), (471, 103)]
[(462, 463), (463, 464), (464, 465), (465, 467), (467, 466), (466, 461), (461, 450), (450, 451), (451, 462)]
[(39, 40), (40, 30), (30, 29), (29, 34), (34, 37), (37, 42), (42, 41), (41, 38), (38, 39)]
[(650, 446), (446, 457), (457, 659), (659, 657), (657, 658), (658, 654), (654, 655), (655, 651), (651, 650)]
[(73, 72), (72, 641), (641, 639), (639, 614), (614, 496), (496, 495), (495, 97), (97, 94), (94, 73)]
[(420, 413), (413, 406), (406, 408), (408, 422), (422, 416), (416, 418), (418, 419), (419, 421), (421, 420)]
[(351, 275), (275, 283), (283, 350), (350, 344), (344, 345), (345, 354), (354, 353), (353, 352), (352, 351)]
[(211, 205), (205, 206), (206, 183), (183, 144), (144, 147), (147, 209), (209, 210), (210, 208), (208, 211)]
[(212, 457), (457, 446), (446, 434), (434, 423), (423, 412), (412, 401), (401, 323), (323, 201), (201, 212)]
[(530, 531), (531, 533), (533, 535), (535, 532), (532, 536), (536, 528), (528, 477), (477, 478), (478, 529), (529, 530)]
[(143, 142), (142, 148), (148, 150), (150, 149), (149, 132), (132, 133), (133, 145), (145, 147), (147, 144), (144, 143)]
[(23, 19), (19, 22), (22, 664), (664, 666), (666, 25), (25, 8), (8, 6), (6, 15), (15, 17), (17, 23)]
[(611, 609), (609, 610), (610, 607), (607, 606), (606, 608), (608, 493), (493, 496), (496, 614), (614, 613), (613, 611)]
[(674, 677), (677, 3), (3, 4), (4, 5), (5, 634), (634, 612), (612, 671), (671, 676), (676, 675), (675, 674)]
[(346, 368), (368, 357), (357, 335), (335, 268), (268, 190), (190, 201), (201, 323), (323, 390), (390, 379), (379, 346)]
[(195, 185), (185, 174), (174, 175), (175, 177), (177, 182), (182, 199), (199, 197), (197, 198), (198, 196), (196, 195)]
[(523, 55), (55, 4), (4, 3), (3, 51), (51, 59), (59, 60), (60, 58), (58, 56), (56, 534), (534, 523)]
[(281, 282), (282, 356), (356, 358), (358, 428), (428, 360), (360, 359), (359, 363), (363, 374), (374, 373), (373, 281)]
[(142, 143), (143, 155), (155, 152), (152, 154), (154, 153), (153, 151), (151, 156), (156, 158), (158, 159), (159, 142)]
[(214, 145), (145, 133), (133, 134), (134, 217), (217, 216), (216, 215), (215, 208), (208, 210), (210, 213), (213, 214)]
[(618, 620), (620, 619), (619, 617), (617, 615), (615, 616), (616, 605), (605, 604), (604, 607), (607, 610), (610, 618)]
[(641, 72), (72, 70), (70, 65), (65, 63), (63, 54), (54, 42), (42, 37), (37, 36), (36, 640), (640, 641)]
[(675, 7), (7, 6), (6, 8), (8, 9), (9, 662), (662, 668), (668, 10), (10, 11), (11, 674), (674, 675)]
[(50, 51), (51, 3), (3, 677), (677, 44), (44, 45), (45, 38), (38, 41), (41, 48), (48, 49), (49, 50)]
[(353, 354), (354, 372), (372, 373), (373, 374), (374, 375), (375, 376), (376, 377), (377, 378), (378, 362), (362, 353)]
[(70, 66), (66, 69), (69, 67), (67, 279), (279, 268), (268, 335), (335, 501), (501, 64), (64, 65), (65, 70)]
[(183, 184), (184, 178), (178, 180), (180, 181), (181, 182), (182, 177), (177, 173), (173, 155), (155, 143), (143, 144), (144, 183)]
[(134, 133), (133, 132), (132, 140), (140, 141), (141, 115), (115, 118), (118, 139), (139, 138), (138, 137), (137, 136), (136, 134)]
[(95, 98), (98, 106), (106, 105), (105, 104), (104, 103), (103, 102), (102, 100), (100, 99), (99, 81), (81, 80), (80, 95)]
[(107, 79), (79, 90), (90, 114), (114, 120), (120, 121), (121, 116), (116, 117), (117, 119), (119, 118), (118, 115), (115, 107)]
[(492, 491), (491, 489), (489, 488), (488, 482), (482, 481), (481, 487), (487, 495), (495, 496), (496, 493), (493, 494), (494, 492)]
[(581, 582), (582, 580), (580, 584), (584, 140), (140, 132), (132, 149), (149, 578), (578, 555), (555, 559), (559, 583), (583, 581)]
[(471, 474), (474, 478), (478, 477), (477, 475), (475, 476), (476, 465), (465, 464), (464, 470), (470, 472), (472, 473), (473, 471)]
[(364, 363), (363, 359), (359, 352), (352, 353), (353, 362), (362, 371), (371, 370), (370, 369), (369, 366), (366, 367), (367, 365), (365, 364)]
[(191, 189), (189, 192), (192, 187), (187, 193), (193, 188), (188, 194), (194, 167), (167, 165), (165, 174), (174, 185), (185, 186), (186, 191)]
[(129, 128), (128, 127), (127, 126), (126, 123), (123, 125), (125, 114), (114, 90), (90, 101), (101, 122), (122, 82), (82, 87), (87, 129)]
[(251, 253), (253, 254), (254, 255), (255, 233), (233, 236), (236, 252), (252, 244), (244, 245), (245, 250), (250, 216), (216, 217), (217, 251)]
[(403, 400), (400, 399), (399, 395), (395, 398), (398, 409), (409, 410), (410, 404), (404, 405), (405, 407), (407, 408), (408, 406), (406, 403)]
[(329, 451), (451, 450), (450, 449), (449, 448), (448, 452), (452, 454), (454, 453), (453, 444), (444, 443), (443, 319), (319, 315), (315, 329)]
[(227, 243), (243, 245), (245, 244), (244, 248), (248, 249), (249, 247), (247, 232), (232, 234), (234, 242), (242, 222), (222, 219), (219, 227)]
[(306, 313), (313, 311), (311, 310), (310, 309), (309, 308), (308, 300), (300, 298), (298, 305), (305, 123), (123, 126), (126, 307), (307, 306)]
[(229, 231), (231, 234), (234, 232), (232, 237), (237, 236), (236, 233), (233, 241), (241, 239), (239, 240), (240, 238), (238, 228), (228, 229)]
[(200, 205), (205, 211), (211, 219), (219, 222), (222, 221), (221, 220), (220, 225), (225, 187), (187, 192), (192, 226), (226, 202), (202, 200)]
[(660, 659), (659, 457), (457, 212), (212, 157), (157, 24), (24, 13), (13, 638), (638, 636), (636, 640), (640, 36), (36, 33), (33, 670), (670, 660)]
[(502, 504), (504, 503), (503, 500), (500, 499), (499, 498), (498, 506), (506, 456), (456, 455), (455, 461), (461, 466), (466, 497), (497, 505), (505, 502)]
[(325, 328), (328, 327), (327, 326), (326, 99), (99, 100), (100, 331), (331, 330), (330, 329), (329, 315), (315, 316), (316, 321), (321, 322), (322, 325)]
[(552, 553), (553, 565), (565, 564), (564, 567), (567, 489), (489, 491), (491, 575), (575, 574), (574, 573), (573, 569), (569, 570), (570, 571), (571, 572), (572, 552)]
[(490, 545), (545, 346), (346, 379), (379, 557), (557, 568), (568, 590), (590, 579), (579, 601), (601, 623), (623, 612), (612, 634), (634, 512), (512, 479), (479, 490)]
[(563, 561), (561, 560), (560, 558), (558, 559), (559, 555), (555, 452), (452, 448), (448, 459), (459, 551), (551, 554), (554, 553), (553, 552), (552, 562), (562, 563)]
[(539, 532), (532, 535), (535, 538), (538, 537), (537, 485), (485, 482), (482, 488), (488, 540), (540, 458), (458, 456), (456, 506), (506, 518), (518, 519), (519, 539)]
[(654, 658), (658, 661), (661, 660), (660, 670), (670, 669), (669, 668), (668, 662), (662, 666), (666, 664), (664, 665), (665, 663), (663, 648), (648, 647), (647, 652), (652, 654)]
[(387, 386), (386, 383), (383, 381), (381, 382), (382, 277), (277, 281), (281, 373), (373, 372), (372, 347), (347, 348), (348, 380), (380, 384), (384, 385), (385, 388), (388, 387)]
[(188, 193), (193, 225), (225, 220), (220, 230), (230, 251), (251, 217), (217, 134), (134, 136), (136, 259), (259, 263), (263, 260), (260, 261), (261, 262), (262, 258), (258, 256), (256, 188)]
[(35, 46), (46, 57), (57, 113), (113, 101), (101, 90), (90, 79), (79, 68), (68, 124), (124, 556), (556, 334), (334, 1), (1, 112), (112, 135), (135, 146), (146, 667), (667, 2), (2, 35)]
[(271, 272), (272, 273), (273, 283), (283, 275), (275, 276), (276, 282), (282, 281), (281, 277), (277, 278), (278, 280), (280, 274), (274, 194), (194, 188), (188, 256), (256, 270), (270, 269), (269, 267), (267, 271)]
[(46, 168), (168, 246), (246, 71), (71, 73), (73, 94), (94, 80), (80, 81), (81, 92), (92, 93), (93, 91), (91, 88), (88, 89), (89, 85), (85, 86), (86, 87), (87, 82), (82, 83), (83, 84), (84, 57), (57, 46)]
