[(288, 287), (287, 300), (300, 288)]
[(73, 82), (82, 74), (74, 73)]
[(760, 758), (758, 757), (757, 760)]
[(585, 584), (584, 586), (586, 585)]
[(366, 588), (588, 367), (367, 366)]
[(319, 317), (317, 699), (699, 319)]
[(137, 144), (144, 138), (138, 137)]
[(404, 402), (402, 418), (418, 404)]
[(560, 562), (562, 561), (561, 560)]
[(595, 591), (591, 604), (604, 595)]
[(527, 526), (526, 530), (530, 527)]
[(262, 260), (260, 282), (282, 262)]
[(57, 556), (556, 445), (445, 57)]
[(162, 161), (161, 192), (192, 162)]
[(452, 447), (447, 444), (444, 452)]
[(135, 124), (124, 312), (312, 135)]
[(764, 762), (762, 765), (765, 764)]
[(191, 189), (189, 195), (195, 191)]
[(659, 307), (307, 303), (303, 659)]
[(463, 459), (459, 522), (522, 463)]
[(55, 54), (54, 216), (216, 55)]
[(610, 609), (609, 608), (608, 610)]
[(533, 549), (549, 539), (539, 533)]
[(448, 450), (450, 449), (449, 448)]
[(147, 125), (125, 123), (123, 147)]
[(455, 515), (515, 461), (461, 455)]
[(353, 347), (347, 344), (344, 353)]
[(194, 197), (197, 196), (196, 194)]
[(425, 421), (421, 419), (419, 425)]
[(210, 208), (208, 207), (207, 210)]
[(0, 112), (112, 1), (1, 0)]
[(520, 518), (518, 517), (517, 520)]
[(378, 376), (376, 411), (411, 378)]
[(115, 200), (200, 116), (116, 115)]
[(363, 373), (373, 365), (365, 363)]
[(255, 254), (254, 293), (293, 255)]
[(633, 631), (631, 639), (639, 633)]
[(709, 721), (721, 710), (710, 709)]
[(453, 437), (437, 427), (427, 453)]
[(30, 36), (36, 32), (32, 30)]
[(297, 289), (289, 285), (285, 297)]
[(612, 601), (601, 743), (743, 612)]
[(239, 231), (231, 230), (230, 239)]
[(38, 37), (37, 39), (39, 38)]
[(224, 257), (257, 235), (235, 224)]
[(414, 398), (398, 397), (397, 414)]
[(291, 302), (302, 294), (294, 291)]
[(265, 295), (295, 267), (267, 265)]
[(212, 246), (246, 201), (201, 212)]
[(41, 771), (771, 768), (768, 41)]
[(647, 644), (644, 655), (655, 647)]
[(767, 753), (753, 751), (751, 767)]
[(725, 718), (718, 715), (715, 725)]
[(733, 732), (732, 742), (742, 733)]
[(471, 483), (483, 472), (472, 471)]
[(234, 271), (271, 236), (236, 234)]
[(559, 550), (550, 548), (548, 559)]
[(81, 63), (63, 62), (62, 81)]
[(4, 108), (108, 6), (6, 4)]
[(598, 583), (583, 581), (581, 598)]
[(698, 696), (696, 702), (702, 698)]
[(468, 479), (479, 412), (412, 468)]
[(211, 280), (280, 214), (214, 211)]
[(127, 150), (150, 128), (128, 127)]
[(704, 707), (707, 705), (705, 704)]
[(160, 163), (163, 188), (188, 160)]
[(640, 648), (648, 642), (642, 640)]
[(731, 737), (737, 735), (735, 731)]
[(185, 184), (184, 182), (182, 185)]
[(422, 420), (420, 438), (438, 422)]
[(60, 48), (48, 45), (45, 60)]
[(498, 497), (497, 496), (496, 498)]
[(614, 638), (638, 616), (616, 614)]
[(485, 435), (435, 432), (432, 485)]
[(168, 146), (146, 268), (268, 168)]
[(50, 47), (47, 70), (70, 50)]
[(634, 579), (579, 17), (17, 634)]
[(343, 274), (274, 273), (273, 343)]
[(306, 658), (658, 657), (657, 305), (305, 306)]
[(407, 415), (415, 416), (416, 410), (410, 407)]
[(725, 724), (724, 717), (717, 718), (718, 725)]
[(465, 528), (528, 532), (532, 466), (466, 465)]
[(529, 530), (530, 526), (526, 525), (525, 529)]
[(491, 497), (497, 498), (498, 492), (492, 491)]
[(203, 107), (107, 106), (106, 204), (204, 203)]
[(633, 639), (639, 637), (637, 632), (632, 633)]
[(658, 306), (306, 307), (307, 659), (659, 658)]
[(160, 188), (188, 169), (169, 159), (159, 160)]
[(490, 401), (401, 412), (412, 479), (479, 490)]
[(238, 229), (229, 232), (232, 237), (237, 238)]
[(331, 328), (328, 652), (652, 654), (654, 331)]
[(65, 71), (71, 72), (72, 66), (66, 65)]
[(281, 261), (261, 262), (262, 282), (282, 281)]
[(143, 133), (133, 132), (132, 142), (142, 143)]
[(176, 172), (172, 173), (173, 187), (187, 176)]
[(469, 467), (467, 470), (470, 481), (481, 469)]
[(205, 99), (99, 94), (94, 95), (95, 205)]
[(666, 720), (720, 678), (678, 669), (669, 666)]
[(623, 634), (634, 17), (17, 16), (16, 623)]
[(722, 716), (716, 717), (717, 724), (724, 722)]
[(132, 131), (131, 141), (141, 142), (142, 132)]
[(73, 69), (69, 67), (67, 82), (82, 73)]
[(627, 626), (626, 635), (635, 628), (628, 627)]
[(746, 744), (744, 747), (747, 748), (748, 746)]
[(120, 134), (134, 129), (129, 121), (121, 120)]
[(576, 543), (543, 542), (542, 587), (587, 576)]
[(675, 708), (708, 713), (713, 677), (677, 675)]
[(630, 621), (621, 624), (624, 629), (629, 630)]
[(5, 109), (109, 117), (117, 7), (7, 5)]
[(180, 156), (156, 155), (155, 167), (167, 180)]
[(439, 428), (428, 429), (429, 441), (441, 439)]
[(489, 495), (495, 494), (494, 488), (488, 489)]
[(302, 244), (244, 242), (242, 294), (294, 302)]
[(137, 122), (122, 126), (126, 144), (144, 137)]
[(362, 358), (358, 356), (356, 374), (374, 362)]
[(254, 253), (253, 292), (292, 293), (293, 254)]
[(712, 723), (723, 755), (755, 754), (754, 712)]
[(141, 131), (131, 130), (130, 140), (140, 141)]
[(615, 616), (616, 638), (638, 620), (620, 615)]
[(691, 693), (693, 692), (692, 689), (689, 691)]
[(665, 714), (714, 720), (720, 666), (666, 665)]
[(351, 349), (349, 449), (449, 450), (450, 351)]
[(476, 495), (495, 489), (489, 477), (477, 476)]
[(85, 209), (209, 93), (93, 84), (84, 85)]
[(519, 516), (516, 513), (513, 511), (511, 519)]
[(654, 652), (652, 651), (651, 649), (649, 654)]
[(661, 682), (682, 688), (688, 663), (663, 661)]
[(520, 517), (517, 516), (516, 519), (519, 520)]
[(739, 741), (741, 729), (729, 728), (728, 739)]
[(509, 529), (529, 525), (525, 510), (510, 509)]
[(555, 554), (554, 586), (586, 584), (584, 555)]
[(247, 248), (248, 258), (258, 256), (256, 247)]
[(732, 673), (673, 672), (672, 742), (742, 732)]
[(706, 711), (711, 713), (713, 708), (708, 706)]
[(51, 49), (49, 80), (80, 100), (100, 51)]
[(175, 176), (176, 187), (187, 186), (186, 175)]
[(575, 749), (749, 154), (154, 153), (153, 575)]
[(418, 409), (409, 403), (403, 404), (404, 418)]
[(413, 396), (396, 394), (394, 406), (406, 413)]
[(164, 170), (170, 173), (173, 172), (172, 164)]
[(514, 508), (508, 507), (507, 521), (521, 514)]
[(324, 332), (332, 314), (314, 313), (313, 324)]
[(414, 397), (397, 396), (396, 413), (413, 414)]
[(281, 251), (251, 249), (249, 261), (261, 281)]
[(493, 487), (487, 488), (488, 494), (494, 493)]
[(310, 309), (309, 340), (340, 342), (342, 310)]
[(304, 305), (305, 657), (657, 311), (311, 304)]
[(547, 546), (546, 536), (536, 537), (537, 547)]
[(541, 531), (531, 502), (502, 503), (503, 541)]
[(740, 741), (741, 739), (739, 738), (738, 740)]
[(104, 200), (200, 115), (115, 105), (105, 104)]
[(97, 96), (96, 204), (204, 106), (106, 97)]
[(334, 223), (223, 0), (0, 1), (1, 334)]
[(685, 688), (688, 682), (682, 681), (681, 685)]
[(41, 40), (40, 770), (770, 771), (771, 41)]
[(287, 284), (284, 299), (299, 300), (300, 287)]
[(361, 589), (589, 580), (580, 578), (578, 360), (360, 361)]
[(299, 298), (298, 286), (286, 288), (288, 300), (300, 299)]
[(201, 246), (246, 257), (257, 224), (224, 190), (190, 201)]
[(368, 279), (279, 290), (290, 379), (379, 390), (390, 368)]
[(400, 399), (399, 415), (415, 407), (407, 408), (408, 400)]
[(754, 755), (755, 756), (756, 701), (701, 690), (690, 754)]
[(653, 650), (650, 646), (646, 647), (647, 655), (655, 653)]
[(301, 79), (79, 90), (90, 568), (568, 323), (323, 301)]
[(620, 619), (619, 617), (617, 613), (613, 615), (615, 620)]
[(402, 400), (400, 408), (408, 409), (409, 418), (418, 402)]
[(424, 438), (438, 420), (420, 421), (421, 425), (425, 424)]
[(729, 741), (741, 740), (740, 573), (573, 571), (571, 729)]
[(611, 600), (600, 599), (599, 609), (609, 610), (610, 611)]
[(223, 334), (334, 445), (445, 556), (556, 667), (667, 223)]
[(85, 83), (83, 208), (208, 210), (210, 209), (209, 85)]
[(569, 582), (582, 641), (641, 643), (643, 570), (570, 569)]
[(100, 102), (102, 3), (3, 773), (773, 51), (51, 100)]
[(190, 224), (224, 235), (235, 24), (24, 13), (13, 190)]
[(72, 74), (74, 82), (82, 67), (67, 66), (66, 72)]
[(548, 547), (547, 537), (537, 538), (538, 559), (559, 548)]
[(570, 643), (643, 326), (326, 316), (316, 315), (315, 570)]
[(462, 463), (463, 522), (522, 524), (524, 464), (464, 462)]
[(54, 21), (21, 22), (22, 215), (215, 216), (216, 54)]
[(375, 371), (371, 370), (370, 395), (395, 405), (405, 375)]
[(295, 265), (265, 264), (264, 263), (263, 283), (283, 295)]
[(446, 758), (758, 760), (760, 501), (501, 457), (457, 446)]
[(743, 15), (15, 679), (679, 590), (590, 612), (612, 743)]
[(674, 27), (27, 12), (12, 11), (11, 664), (664, 674)]
[(119, 117), (117, 109), (109, 110), (110, 118), (118, 119)]
[(301, 312), (312, 124), (124, 68), (68, 79), (79, 301)]
[(503, 504), (504, 587), (587, 542), (542, 541), (541, 503)]
[(746, 748), (748, 749), (749, 575), (575, 574), (574, 746)]
[(77, 76), (76, 92), (92, 95), (95, 94), (94, 77)]
[(439, 382), (382, 381), (381, 426), (426, 428), (428, 439)]
[(310, 342), (342, 343), (343, 273), (273, 270), (270, 310)]
[(515, 514), (514, 521), (521, 460), (460, 461), (461, 515)]
[(392, 391), (391, 385), (385, 386), (386, 393), (393, 392)]
[(656, 645), (645, 712), (712, 754), (754, 690), (690, 656)]
[(770, 40), (40, 42), (42, 772), (772, 769), (769, 770)]
[(761, 764), (764, 765), (765, 523), (523, 512), (512, 761)]
[(103, 108), (108, 4), (4, 3), (3, 102), (102, 103)]
[(268, 279), (279, 368), (368, 157), (157, 168), (168, 268)]
[(483, 482), (482, 481), (481, 470), (470, 472), (472, 483)]
[(129, 134), (134, 136), (136, 140), (140, 130), (130, 129)]
[(740, 738), (738, 736), (736, 572), (572, 573), (573, 740)]
[(165, 174), (174, 178), (178, 177), (177, 166), (166, 165)]
[(286, 298), (298, 296), (296, 297), (297, 285), (285, 286)]
[(191, 195), (195, 196), (196, 197), (197, 193), (193, 191)]
[(182, 181), (181, 177), (177, 178), (178, 185), (185, 182)]
[(696, 695), (695, 694), (694, 700), (700, 702), (702, 696)]
[(711, 706), (706, 707), (707, 704), (704, 703), (703, 711)]
[(202, 203), (203, 204), (204, 96), (96, 98), (98, 202)]
[(93, 92), (92, 76), (76, 75), (75, 84), (84, 93)]
[(240, 247), (247, 256), (256, 245), (245, 241), (241, 240)]
[(601, 623), (623, 16), (16, 15), (15, 743), (743, 601)]
[(664, 662), (662, 689), (689, 692), (692, 674), (674, 664)]
[(330, 329), (329, 653), (653, 655), (655, 644), (644, 330)]
[(549, 550), (550, 559), (559, 538), (538, 539), (539, 549)]
[(9, 8), (8, 19), (19, 32), (32, 36), (36, 9)]
[(222, 228), (228, 217), (217, 25), (25, 23), (23, 222)]
[(687, 686), (686, 685), (685, 681), (681, 683), (683, 687)]
[(475, 492), (492, 498), (498, 496), (496, 480), (480, 475)]
[(180, 167), (167, 166), (166, 177), (177, 181), (181, 180)]
[(481, 482), (482, 443), (443, 442), (442, 469), (469, 481)]
[(258, 220), (220, 219), (219, 245), (245, 256), (256, 258)]
[(218, 231), (231, 239), (239, 241), (241, 245), (245, 219), (219, 218)]
[(499, 505), (505, 506), (506, 454), (454, 389), (389, 388), (388, 499)]
[(179, 212), (212, 201), (201, 190), (190, 13), (13, 2), (2, 179)]
[(380, 422), (422, 438), (438, 424), (424, 426), (426, 381), (381, 380)]
[(392, 417), (417, 416), (416, 415), (415, 399), (399, 391), (391, 392)]
[(414, 413), (413, 406), (406, 405), (405, 395), (395, 398), (398, 414)]
[(677, 713), (713, 711), (711, 703), (703, 684), (684, 676), (676, 677)]
[(520, 519), (519, 511), (511, 458), (458, 456), (456, 518), (518, 520)]
[(494, 495), (495, 476), (476, 436), (436, 433), (433, 493), (493, 494)]
[(23, 26), (26, 226), (226, 225), (225, 227), (227, 222), (222, 23)]
[(617, 618), (618, 602), (602, 600), (600, 611), (611, 613), (613, 617)]
[(621, 622), (622, 618), (618, 617), (617, 619), (619, 624), (624, 621)]
[(763, 752), (752, 68), (68, 124), (124, 135), (135, 113), (113, 763)]
[(565, 585), (585, 586), (586, 554), (554, 552), (552, 566), (566, 565)]
[(39, 766), (766, 767), (767, 751), (751, 750), (750, 38), (38, 39)]
[(324, 313), (313, 316), (316, 326), (326, 325), (325, 322), (322, 324)]
[(165, 164), (164, 172), (172, 176), (176, 175), (175, 174), (174, 165)]
[(214, 280), (280, 278), (278, 564), (564, 567), (567, 213), (213, 214)]
[(737, 731), (731, 733), (733, 742), (742, 672), (672, 671), (671, 737)]
[(592, 597), (597, 598), (598, 581), (581, 580), (580, 589), (589, 592)]
[(759, 761), (761, 512), (512, 501), (501, 760), (760, 757), (757, 759)]
[(136, 139), (139, 143), (143, 142), (142, 141), (141, 140), (140, 136)]
[(631, 630), (630, 629), (629, 636), (636, 637), (637, 639), (639, 631)]
[(417, 377), (377, 378), (378, 411), (411, 410), (410, 416), (416, 417)]
[(292, 253), (253, 243), (243, 244), (244, 302), (302, 291), (291, 292)]
[(466, 532), (532, 535), (535, 544), (544, 276), (276, 275), (275, 466)]
[(43, 34), (34, 33), (33, 52), (52, 56), (56, 58), (58, 43)]
[(451, 473), (473, 474), (474, 431), (431, 437), (437, 453), (453, 451)]
[(366, 359), (359, 360), (360, 578), (578, 577), (577, 588), (588, 366)]
[(603, 627), (627, 628), (628, 594), (594, 595), (595, 604), (604, 603)]
[(536, 546), (546, 551), (551, 558), (558, 544), (544, 535), (535, 536)]
[(565, 563), (563, 553), (553, 555), (555, 584), (584, 585), (585, 565)]
[(64, 53), (53, 55), (55, 216), (216, 215), (215, 87), (87, 64)]
[(727, 730), (730, 736), (736, 738), (738, 739), (739, 728), (728, 727)]
[(281, 282), (282, 260), (260, 259), (259, 250), (250, 251), (251, 281)]
[(560, 558), (558, 551), (551, 553), (553, 563), (563, 562), (562, 560)]
[(650, 653), (653, 329), (329, 331), (331, 654), (654, 649), (649, 650)]
[(480, 496), (496, 497), (497, 491), (491, 486), (486, 478), (478, 480)]
[(269, 266), (266, 296), (296, 298), (298, 299), (299, 284), (284, 269)]
[(448, 449), (449, 349), (349, 348), (348, 384), (384, 440), (440, 448)]
[(625, 632), (632, 637), (637, 636), (636, 635), (635, 626), (626, 625)]
[(341, 333), (333, 336), (336, 352), (352, 353), (353, 344), (344, 341)]
[(58, 59), (59, 60), (60, 45), (45, 44), (44, 43), (43, 58)]
[(248, 250), (250, 259), (259, 221), (221, 220), (220, 258), (258, 248)]
[(493, 433), (433, 435), (435, 485), (485, 484), (484, 487), (487, 493)]
[(442, 441), (441, 429), (429, 430), (430, 467), (467, 469), (469, 442)]
[(346, 656), (656, 690), (690, 701), (701, 434), (434, 357), (357, 346)]
[(348, 345), (345, 362), (362, 374), (374, 383), (383, 384), (384, 348)]
[(347, 353), (353, 352), (352, 358), (358, 362), (362, 345), (345, 347)]
[(558, 560), (560, 561), (561, 277), (277, 276), (276, 544), (544, 558)]
[(694, 693), (693, 691), (691, 686), (686, 687), (687, 700), (700, 694)]
[(90, 79), (79, 68), (68, 752), (752, 35), (35, 101), (101, 90)]
[(183, 184), (184, 185), (185, 178), (178, 174), (174, 175), (175, 186), (186, 183)]
[(692, 693), (693, 694), (694, 695), (695, 28), (28, 27), (27, 674), (674, 692)]
[(33, 34), (34, 31), (31, 30), (30, 32), (32, 19), (19, 20), (20, 33)]
[(364, 363), (363, 365), (365, 354), (354, 359), (359, 366), (366, 367), (367, 364)]
[(332, 333), (333, 341), (341, 340), (340, 309), (309, 308), (308, 314), (314, 332)]
[(122, 137), (137, 138), (138, 139), (139, 136), (136, 134), (134, 120), (120, 122)]
[(386, 385), (385, 369), (369, 372), (372, 388), (388, 389), (389, 387), (387, 386)]
[(157, 179), (179, 2), (2, 763), (763, 113), (113, 146), (146, 168), (168, 157)]
[(295, 283), (283, 289), (289, 297), (297, 296), (296, 266), (266, 267), (267, 295)]
[(184, 183), (183, 158), (158, 156), (156, 180), (180, 181), (181, 182), (182, 184)]
[(272, 350), (350, 462), (462, 464), (464, 465), (465, 466), (466, 275), (275, 272)]
[(198, 199), (199, 149), (149, 150), (150, 127), (127, 111), (111, 114), (114, 198)]
[(20, 21), (21, 54), (54, 55), (55, 53), (53, 52), (52, 33), (33, 20)]
[(61, 56), (56, 52), (52, 53), (53, 64), (64, 62), (62, 63), (63, 61)]
[(478, 486), (486, 484), (484, 485), (485, 432), (432, 431), (431, 474), (474, 478)]
[(510, 507), (507, 508), (508, 505), (505, 499), (499, 500), (500, 509), (509, 510)]
[(325, 328), (328, 331), (331, 329), (329, 330), (330, 327), (327, 322), (322, 325)]
[(661, 660), (660, 676), (676, 684), (684, 683), (683, 681), (681, 682), (682, 661)]
[(688, 685), (685, 686), (686, 691), (691, 689), (689, 662), (662, 663), (663, 688)]
[(303, 227), (227, 225), (225, 311), (311, 657), (657, 658), (658, 659), (659, 303)]
[(593, 608), (608, 609), (609, 599), (599, 605), (605, 597), (597, 592), (592, 593)]
[(364, 367), (367, 588), (588, 577), (577, 576), (576, 587), (587, 504), (504, 364)]
[(152, 151), (151, 86), (86, 91), (91, 211), (211, 214), (214, 213), (213, 152)]
[(35, 46), (46, 744), (744, 746), (746, 574), (574, 18), (18, 101), (101, 35)]
[(677, 676), (676, 660), (660, 669), (669, 678), (678, 680), (680, 675), (675, 677)]
[(346, 335), (335, 590), (590, 679), (679, 668), (668, 645), (645, 656), (656, 346)]
[(518, 456), (456, 454), (454, 506), (506, 513), (513, 516), (516, 517), (517, 518)]
[(434, 701), (701, 756), (756, 759), (759, 757), (757, 758), (758, 446), (446, 434)]
[(97, 78), (78, 77), (77, 94), (94, 99), (99, 98), (98, 96), (96, 97)]
[(205, 206), (206, 199), (199, 198), (198, 202), (202, 98), (98, 99), (99, 205)]
[(625, 626), (626, 627), (627, 603), (603, 602), (602, 618), (618, 622), (622, 625)]
[(632, 625), (625, 622), (622, 621), (621, 630), (630, 631), (631, 633), (633, 632)]
[(321, 320), (320, 726), (726, 727), (727, 728), (728, 729), (729, 571), (571, 321)]
[(112, 0), (0, 223), (223, 667), (667, 747), (747, 744), (744, 46), (46, 112)]
[(327, 330), (330, 644), (644, 647), (647, 646), (646, 606), (606, 339), (339, 327)]
[(719, 715), (715, 718), (718, 717), (717, 716), (716, 714), (714, 665), (665, 670), (670, 719)]
[(716, 722), (722, 721), (721, 709), (709, 680), (680, 678), (678, 720), (720, 714), (714, 716)]
[(756, 755), (755, 723), (723, 734), (734, 762), (762, 764), (764, 761), (761, 759), (759, 756)]
[(38, 750), (750, 745), (745, 9), (9, 36), (36, 30), (30, 31), (31, 37), (37, 38)]
[(371, 355), (355, 354), (354, 365), (365, 373), (373, 372), (372, 369), (369, 370), (370, 371)]
[(562, 563), (563, 565), (565, 566), (566, 564), (564, 278), (278, 277), (277, 561), (561, 562)]
[(699, 317), (317, 29), (29, 28), (28, 695), (695, 696), (696, 698), (698, 697), (697, 699)]
[(107, 203), (203, 202), (202, 198), (198, 114), (114, 116), (116, 200), (200, 104), (104, 107)]
[(646, 650), (650, 649), (649, 651), (651, 648), (648, 640), (640, 607), (607, 606), (606, 646)]
[(69, 59), (59, 58), (58, 56), (56, 61), (61, 65), (65, 66), (66, 67), (67, 69)]
[(443, 482), (482, 483), (483, 471), (471, 473), (473, 451), (451, 452), (452, 444), (444, 443)]
[(523, 534), (534, 545), (545, 557), (557, 423), (423, 457), (457, 501), (501, 512), (512, 523)]
[(121, 129), (129, 130), (130, 131), (131, 132), (132, 133), (133, 119), (119, 118), (118, 121)]
[(206, 205), (205, 95), (95, 92), (92, 93), (93, 209), (209, 210), (210, 207), (207, 206)]
[(207, 208), (208, 83), (83, 86), (86, 151), (151, 149), (149, 199), (199, 206), (206, 207)]
[(572, 736), (736, 730), (730, 735), (735, 737), (737, 671), (671, 14), (14, 10), (10, 572)]
[(608, 593), (593, 596), (596, 614), (614, 616), (616, 615), (615, 613), (613, 611), (611, 610), (610, 608)]
[(306, 305), (305, 304), (304, 233), (233, 228), (228, 222), (222, 227), (227, 303), (303, 307), (307, 306)]
[(167, 155), (155, 159), (159, 169), (169, 171), (171, 170), (170, 164), (164, 165), (165, 166), (166, 167)]
[(332, 324), (324, 322), (322, 327), (327, 339), (339, 338), (338, 337), (337, 336), (336, 333), (333, 332)]
[(477, 489), (489, 488), (488, 487), (487, 484), (484, 486), (486, 491), (491, 492), (492, 475), (475, 477)]
[(325, 326), (326, 643), (643, 641), (641, 642), (642, 648), (648, 651), (651, 652), (652, 328), (328, 325)]
[(239, 230), (230, 229), (229, 238), (238, 242), (242, 244), (244, 243), (243, 240), (240, 241), (241, 239)]
[(734, 723), (723, 712), (712, 645), (645, 668), (668, 745), (745, 750), (750, 751), (751, 753), (753, 734)]
[(598, 597), (597, 605), (605, 607), (607, 640), (640, 642), (642, 641), (641, 582), (582, 583), (583, 598)]
[(515, 455), (455, 458), (458, 511), (511, 513), (513, 506), (506, 505), (505, 508), (508, 514), (514, 515)]
[(417, 392), (392, 393), (393, 419), (419, 421), (421, 420), (420, 422), (422, 380), (380, 377), (377, 417)]
[(171, 169), (169, 188), (188, 163), (163, 162), (162, 192), (192, 193), (193, 197), (197, 194), (194, 171)]
[(335, 323), (323, 568), (568, 579), (579, 634), (634, 623), (623, 601), (601, 612), (612, 590), (590, 335)]
[(25, 217), (217, 218), (218, 219), (219, 220), (220, 221), (221, 88), (88, 87), (87, 215), (215, 22), (22, 25)]
[(336, 337), (337, 361), (361, 360), (360, 359), (359, 354), (354, 355), (355, 356), (356, 358), (358, 352), (352, 336)]
[(232, 229), (229, 230), (230, 231), (231, 218), (218, 217), (217, 228), (228, 233), (233, 234), (234, 236), (236, 232)]
[(773, 3), (3, 4), (4, 6), (6, 5), (5, 7), (7, 545), (545, 534), (534, 769), (769, 772), (772, 773)]
[(49, 51), (51, 773), (773, 772), (772, 42), (42, 44), (44, 45), (45, 48), (48, 47), (47, 50), (50, 49)]
[(702, 700), (700, 687), (687, 683), (683, 684), (684, 703), (703, 704), (704, 705), (705, 697), (697, 698), (698, 702)]
[(440, 384), (384, 383), (383, 382), (382, 439), (439, 441), (441, 442), (442, 443), (443, 444), (444, 447), (447, 440)]
[(673, 732), (732, 733), (733, 731), (731, 735), (735, 730), (730, 727), (727, 726), (726, 719), (719, 670), (670, 673)]
[(446, 457), (457, 423), (423, 468), (468, 412), (412, 401), (401, 379), (379, 290), (290, 357), (357, 434), (434, 446)]
[(592, 589), (589, 361), (361, 337), (337, 338), (338, 591), (591, 595), (595, 594), (594, 596), (596, 593), (593, 592)]
[(72, 71), (71, 70), (70, 47), (47, 48), (48, 60), (60, 59), (59, 69), (69, 73), (73, 74), (74, 72)]
[(105, 103), (103, 102), (102, 100), (100, 80), (80, 78), (78, 97), (97, 106), (106, 107), (107, 104), (104, 105)]
[(502, 500), (500, 499), (499, 388), (388, 372), (372, 373), (373, 363), (363, 364), (364, 504), (504, 503), (503, 502)]
[(724, 725), (725, 715), (715, 719), (719, 726), (726, 320), (320, 318), (318, 710), (710, 721), (721, 722), (722, 724)]
[(459, 460), (460, 521), (521, 507), (507, 510), (510, 525), (525, 526), (526, 527), (527, 524), (524, 522), (522, 459)]
[(619, 620), (620, 638), (638, 614), (614, 596), (596, 594), (594, 628), (628, 635), (635, 636), (636, 629), (629, 624), (624, 619)]
[(262, 261), (261, 249), (249, 252), (252, 263), (263, 264), (264, 89), (89, 88), (88, 221), (221, 259), (259, 260), (260, 262)]
[(249, 251), (251, 250), (250, 248), (248, 247), (247, 240), (240, 243), (243, 253), (253, 254), (254, 255), (255, 252), (252, 249)]
[(116, 114), (114, 111), (111, 110), (110, 109), (109, 5), (5, 6), (6, 108), (108, 103), (103, 105), (105, 115), (115, 116)]
[(766, 39), (39, 37), (37, 31), (31, 34), (34, 43), (43, 44), (44, 42), (42, 40), (40, 41), (41, 768), (768, 766)]
[(403, 409), (409, 408), (408, 407), (407, 410), (410, 411), (411, 376), (376, 375), (375, 405), (405, 406), (406, 394), (394, 403)]
[(125, 126), (126, 122), (122, 120), (120, 121), (121, 118), (118, 110), (110, 111), (111, 127), (127, 128), (128, 123), (123, 125)]
[(270, 271), (271, 234), (234, 233), (233, 304), (304, 311), (311, 225), (225, 226), (226, 308), (308, 309), (309, 310), (310, 270)]
[(338, 339), (339, 606), (606, 607), (607, 605), (605, 599), (599, 600), (600, 602), (602, 603), (603, 604), (604, 591), (591, 338)]
[(464, 524), (524, 527), (527, 530), (530, 529), (529, 509), (509, 500), (500, 502), (502, 531), (531, 528), (528, 465), (465, 464)]
[(534, 523), (523, 765), (765, 762), (762, 734), (734, 753), (753, 767), (767, 766), (766, 768), (768, 771), (771, 770), (770, 769), (769, 534)]
[(62, 64), (64, 87), (87, 88), (88, 89), (89, 91), (91, 86), (86, 83), (83, 85), (85, 84), (84, 75), (75, 81), (81, 62)]
[(705, 707), (707, 706), (706, 708), (708, 675), (675, 680), (680, 709), (709, 710), (710, 318), (318, 319), (319, 699), (699, 697), (697, 705)]
[(146, 113), (113, 135), (135, 312), (312, 301), (301, 323), (323, 335), (335, 346), (346, 357), (357, 290), (290, 279), (279, 268), (268, 146)]
[(26, 23), (23, 25), (25, 22), (22, 21), (21, 20), (20, 19), (19, 8), (8, 12), (12, 27), (27, 28), (28, 29), (29, 26)]
[(57, 445), (445, 334), (334, 1), (1, 112), (112, 46), (46, 35), (35, 752), (752, 763), (763, 2), (2, 13), (13, 24), (24, 57)]
[(533, 540), (540, 552), (552, 554), (554, 555), (555, 553), (553, 551), (551, 546), (546, 547), (547, 548), (548, 550), (550, 549), (549, 533)]
[(355, 371), (371, 375), (375, 376), (376, 378), (378, 377), (377, 380), (380, 381), (381, 382), (382, 383), (383, 374), (374, 356), (356, 355)]
[(148, 145), (145, 158), (158, 183), (183, 186), (186, 187), (187, 173), (173, 170), (170, 171), (171, 194), (194, 196), (196, 195), (195, 189), (189, 148)]
[(541, 542), (542, 543), (543, 540), (540, 533), (533, 539), (539, 538), (538, 537), (537, 536), (536, 535), (535, 532), (532, 528), (528, 531), (531, 541)]
[(474, 473), (473, 471), (471, 472), (472, 470), (470, 467), (467, 430), (430, 436), (436, 476), (476, 477), (477, 475), (475, 480), (480, 478), (478, 474)]
[(61, 63), (63, 81), (81, 75), (75, 76), (76, 77), (77, 78), (78, 80), (80, 49), (49, 50), (50, 70), (70, 71), (71, 65), (65, 61)]
[(321, 315), (315, 316), (316, 313), (313, 314), (314, 308), (308, 226), (226, 26), (26, 29), (29, 317), (317, 319), (319, 318), (318, 320), (320, 321)]
[(274, 343), (343, 342), (342, 340), (340, 341), (341, 344), (344, 347), (347, 345), (345, 348), (348, 349), (349, 351), (351, 350), (350, 272), (272, 274)]
[(404, 403), (403, 394), (394, 396), (396, 397), (397, 398), (398, 395), (395, 370), (370, 369), (369, 385), (385, 391), (391, 399), (399, 400), (400, 402), (402, 404)]
[(666, 669), (669, 660), (660, 661), (661, 663), (663, 662), (662, 664), (664, 11), (11, 14), (14, 671), (671, 672), (672, 673), (673, 670), (670, 665), (665, 666)]
[(145, 490), (490, 479), (479, 468), (468, 423), (423, 557), (557, 161), (161, 162), (162, 163), (163, 160), (160, 159), (159, 155), (155, 156), (156, 158), (158, 145)]
[(564, 566), (566, 552), (552, 540), (540, 543), (543, 576), (576, 577), (577, 578), (578, 580), (580, 581), (581, 583), (583, 582), (582, 569), (569, 567), (567, 564)]
[(575, 153), (153, 152), (152, 213), (213, 567), (567, 569), (569, 570), (570, 315), (315, 321), (321, 571), (571, 573), (573, 572), (572, 10), (10, 18), (18, 574), (574, 575)]
[(401, 490), (490, 145), (145, 148), (148, 147), (147, 123), (123, 128), (128, 150), (150, 149), (149, 151), (151, 152), (152, 153), (153, 154), (154, 390), (390, 379), (379, 401)]
[(257, 246), (246, 212), (212, 179), (179, 157), (157, 368), (368, 390), (390, 154), (154, 749), (749, 748), (748, 747), (747, 667), (667, 556), (556, 57), (57, 24), (24, 235), (235, 257)]
[(424, 425), (425, 419), (419, 393), (393, 386), (386, 387), (387, 427), (427, 437), (437, 431), (431, 432), (432, 435), (435, 433), (433, 436), (436, 430), (430, 429), (429, 428), (428, 426), (426, 424)]
[(17, 579), (579, 568), (568, 90), (90, 101), (101, 18), (18, 10), (10, 14), (14, 11), (11, 12), (12, 8), (8, 9), (9, 745), (745, 668), (668, 679), (679, 15), (15, 16), (16, 17)]
[(237, 269), (269, 284), (284, 287), (287, 288), (288, 286), (286, 285), (285, 289), (289, 283), (283, 263), (263, 252), (252, 255), (255, 293), (293, 292), (292, 291), (291, 294), (294, 242), (242, 238), (238, 237)]
[(161, 557), (557, 545), (545, 7), (7, 117), (117, 119), (119, 133), (133, 143), (143, 139), (139, 138), (138, 144), (144, 126), (126, 125), (125, 147), (147, 148), (148, 189), (189, 191), (191, 193), (193, 192), (192, 161)]
[(272, 275), (275, 276), (276, 277), (277, 278), (278, 280), (280, 211), (211, 91), (91, 89), (89, 264), (264, 265), (265, 267), (267, 266), (266, 269), (269, 237), (237, 232), (232, 236), (236, 271), (271, 270), (270, 273), (273, 274), (274, 272)]
[(450, 448), (448, 440), (440, 447), (447, 452), (452, 451), (451, 453), (453, 427), (427, 387), (387, 389), (389, 454), (454, 456), (456, 458), (458, 455), (455, 461), (461, 460), (460, 459), (459, 463), (463, 462), (462, 350), (350, 351), (351, 450)]
