[(455, 460), (460, 456), (456, 455)]
[(288, 287), (287, 313), (313, 288)]
[(17, 338), (338, 18), (18, 17)]
[(41, 74), (74, 42), (42, 41)]
[(227, 166), (166, 164), (164, 227)]
[(521, 514), (514, 513), (513, 521)]
[(121, 147), (147, 123), (123, 121)]
[(304, 300), (300, 299), (299, 304)]
[(339, 16), (16, 15), (15, 339)]
[(548, 547), (547, 553), (553, 548)]
[(424, 421), (421, 420), (420, 424)]
[(191, 194), (194, 193), (193, 191)]
[(259, 256), (256, 263), (263, 259)]
[(430, 428), (428, 451), (451, 430)]
[(21, 6), (6, 5), (5, 21)]
[(401, 368), (368, 357), (357, 401)]
[(68, 46), (46, 235), (235, 68)]
[(307, 310), (310, 308), (308, 307)]
[(452, 290), (290, 268), (268, 452)]
[(66, 78), (78, 69), (69, 66)]
[(131, 136), (136, 133), (133, 131)]
[(389, 324), (324, 319), (319, 389)]
[(92, 96), (96, 93), (93, 92)]
[(102, 119), (119, 105), (105, 102)]
[(145, 141), (141, 139), (139, 145)]
[(275, 234), (234, 233), (233, 275)]
[(82, 80), (80, 333), (333, 82)]
[(110, 108), (108, 120), (120, 110)]
[(44, 70), (70, 47), (47, 44)]
[(376, 418), (418, 380), (380, 376)]
[(20, 19), (19, 340), (340, 20)]
[(174, 172), (172, 192), (192, 174)]
[(244, 243), (243, 247), (247, 244)]
[(161, 159), (159, 236), (236, 161)]
[(487, 507), (507, 493), (493, 487)]
[(472, 481), (481, 474), (474, 472)]
[(468, 535), (535, 479), (479, 468)]
[(51, 50), (50, 54), (54, 51)]
[(379, 90), (90, 57), (57, 379)]
[(350, 353), (353, 351), (351, 350)]
[(363, 414), (414, 365), (365, 363)]
[(531, 541), (541, 533), (533, 531)]
[(249, 248), (248, 251), (251, 249)]
[(499, 498), (498, 503), (503, 499)]
[(286, 285), (285, 297), (297, 286)]
[(73, 336), (336, 76), (76, 73)]
[(25, 22), (22, 29), (29, 25)]
[(463, 480), (480, 467), (467, 463)]
[(56, 122), (122, 59), (59, 56)]
[(523, 526), (526, 528), (528, 523)]
[(356, 354), (354, 359), (359, 356)]
[(301, 279), (279, 348), (348, 301)]
[(320, 388), (388, 321), (321, 320)]
[(151, 150), (150, 155), (155, 151)]
[(315, 314), (314, 316), (316, 315)]
[(331, 88), (88, 87), (87, 331)]
[(443, 447), (447, 444), (444, 443)]
[(530, 525), (525, 524), (524, 530)]
[(551, 556), (556, 552), (552, 551)]
[(370, 367), (367, 458), (458, 370)]
[(197, 177), (177, 175), (175, 197)]
[(146, 135), (135, 522), (522, 146)]
[(382, 281), (281, 278), (278, 382)]
[(306, 302), (302, 298), (298, 309), (309, 306)]
[(439, 438), (438, 432), (432, 433), (433, 439)]
[(36, 34), (34, 33), (33, 52), (52, 36)]
[(209, 203), (203, 185), (185, 186), (186, 209)]
[(255, 226), (226, 225), (225, 254), (254, 255)]
[(132, 133), (133, 136), (136, 134), (134, 132)]
[(411, 406), (406, 402), (402, 400), (400, 411)]
[(141, 145), (145, 144), (144, 140), (140, 141)]
[(232, 265), (265, 264), (264, 231), (231, 232)]
[(551, 554), (554, 555), (555, 556), (556, 551)]
[(63, 156), (156, 162), (162, 64), (64, 63)]
[(30, 544), (544, 540), (540, 537), (537, 30)]
[(507, 506), (506, 492), (492, 493), (493, 507)]
[(446, 512), (512, 101), (101, 79), (79, 446)]
[(58, 148), (148, 149), (149, 60), (60, 58)]
[(459, 460), (460, 455), (455, 454), (454, 459)]
[(508, 510), (510, 511), (511, 509), (509, 508)]
[(97, 95), (95, 99), (99, 100), (100, 97)]
[(424, 420), (420, 419), (419, 422), (422, 424)]
[(76, 336), (336, 327), (327, 75), (75, 76)]
[(307, 305), (305, 303), (303, 310), (310, 307)]
[(538, 549), (549, 469), (469, 461), (461, 538)]
[(168, 179), (179, 201), (201, 190), (190, 168)]
[(504, 509), (509, 511), (511, 505), (505, 504)]
[(28, 539), (539, 536), (536, 23), (23, 28)]
[(24, 2), (2, 445), (445, 334), (334, 24)]
[(270, 267), (267, 296), (296, 311), (311, 270)]
[(188, 165), (165, 166), (166, 227), (227, 188)]
[(205, 206), (206, 207), (207, 204), (204, 205)]
[(254, 225), (225, 222), (222, 252), (252, 254)]
[(29, 28), (28, 23), (23, 25), (25, 29)]
[(448, 412), (412, 390), (390, 441), (441, 448)]
[(442, 440), (440, 444), (444, 447), (447, 442)]
[(4, 10), (10, 21), (21, 5), (5, 4)]
[(413, 409), (409, 403), (403, 404), (404, 413)]
[(351, 353), (353, 342), (342, 341), (341, 351)]
[(116, 104), (104, 105), (105, 119), (119, 116)]
[(393, 409), (409, 413), (413, 394), (394, 393)]
[(497, 496), (496, 495), (495, 500), (500, 497)]
[(207, 206), (206, 208), (208, 216), (216, 207)]
[(126, 128), (128, 114), (114, 111), (111, 126)]
[(438, 437), (437, 431), (431, 432), (432, 438)]
[(1, 112), (112, 223), (223, 0), (0, 1)]
[(178, 199), (199, 200), (200, 180), (180, 178)]
[(411, 410), (410, 407), (407, 406), (406, 411)]
[(84, 83), (83, 77), (77, 81), (81, 84)]
[(407, 410), (410, 408), (408, 405), (405, 407)]
[(316, 314), (314, 291), (291, 289), (289, 316)]
[(15, 12), (12, 337), (337, 339), (339, 15)]
[(398, 391), (391, 386), (386, 385), (385, 398)]
[(157, 13), (13, 2), (2, 24), (24, 157)]
[(491, 510), (510, 508), (508, 489), (489, 491)]
[(189, 169), (169, 167), (167, 183), (183, 189)]
[(144, 145), (145, 139), (139, 137), (137, 143), (143, 144)]
[(518, 519), (519, 529), (529, 530), (530, 524), (524, 518)]
[(373, 371), (371, 467), (467, 480), (480, 478), (478, 373)]
[(400, 399), (399, 408), (408, 410), (410, 411), (411, 400)]
[(481, 472), (472, 471), (471, 464), (464, 465), (465, 481)]
[(282, 280), (280, 387), (387, 388), (388, 320), (320, 282)]
[(140, 144), (144, 143), (143, 142), (142, 138), (138, 140)]
[(458, 459), (459, 454), (454, 369), (369, 370), (370, 458)]
[(168, 35), (35, 516), (516, 527), (527, 179), (179, 168)]
[(484, 483), (483, 496), (496, 497), (497, 485), (485, 484)]
[(142, 143), (143, 137), (137, 118), (118, 117), (117, 142)]
[(14, 16), (16, 339), (339, 337), (337, 43), (43, 14)]
[(130, 127), (127, 109), (109, 106), (106, 103), (103, 130)]
[(346, 335), (335, 426), (426, 431), (431, 437), (437, 346)]
[(373, 478), (478, 470), (470, 477), (477, 372), (372, 373)]
[(216, 182), (182, 181), (181, 204), (204, 207), (207, 216)]
[(555, 557), (557, 550), (550, 552), (552, 556), (556, 555)]
[(1, 0), (0, 445), (445, 2), (2, 13), (13, 1)]
[(359, 354), (354, 352), (352, 343), (343, 344), (344, 359)]
[(113, 101), (101, 512), (512, 514), (514, 521), (521, 113)]
[(128, 126), (126, 127), (127, 130), (130, 129), (129, 128)]
[(160, 161), (161, 236), (236, 237), (237, 228), (228, 160)]
[(412, 448), (448, 449), (449, 450), (450, 423), (423, 412)]
[(430, 429), (429, 425), (425, 427), (427, 428), (428, 430)]
[(488, 498), (498, 499), (499, 494), (494, 486), (486, 488)]
[(124, 113), (113, 521), (521, 513), (513, 515), (515, 124)]
[(522, 135), (135, 124), (124, 515), (515, 520), (520, 522)]
[(220, 219), (219, 218), (218, 241), (241, 242), (242, 220)]
[(559, 3), (3, 543), (543, 545), (545, 558), (558, 559)]
[(381, 387), (387, 280), (280, 281), (281, 382), (382, 381)]
[(95, 96), (96, 92), (92, 94), (94, 99), (99, 95)]
[(45, 86), (86, 91), (91, 89), (89, 48), (48, 45)]
[(126, 111), (111, 120), (120, 108), (108, 109), (109, 127), (127, 126)]
[(155, 62), (62, 61), (61, 60), (60, 149), (149, 151), (151, 155)]
[(173, 195), (195, 196), (196, 198), (198, 197), (197, 175), (175, 173)]
[(548, 532), (532, 533), (533, 541), (541, 542), (542, 547), (547, 548)]
[(289, 292), (292, 262), (262, 261), (261, 315), (315, 316), (316, 289)]
[(17, 20), (20, 340), (340, 328), (328, 326), (326, 338), (338, 17)]
[(253, 230), (230, 231), (231, 264), (264, 263), (263, 256), (256, 253)]
[(94, 92), (92, 93), (93, 49), (49, 48), (48, 89), (89, 94)]
[(134, 138), (138, 142), (142, 117), (117, 115), (115, 132), (132, 134)]
[(476, 483), (483, 484), (484, 482), (482, 466), (466, 462), (462, 476)]
[(288, 313), (313, 311), (311, 296), (296, 297), (297, 285), (285, 288)]
[(83, 85), (85, 67), (67, 69), (69, 78), (78, 77), (77, 83)]
[(435, 443), (443, 444), (444, 440), (440, 439), (439, 433), (433, 435)]
[(417, 416), (416, 415), (415, 421), (421, 424), (424, 422), (422, 417)]
[(198, 199), (199, 178), (178, 176), (176, 177), (177, 197), (197, 198)]
[(466, 482), (482, 473), (473, 474), (474, 481), (481, 465), (465, 466)]
[(279, 290), (290, 452), (452, 453), (453, 347), (347, 348), (348, 279)]
[(171, 176), (176, 178), (178, 180), (180, 181), (181, 182), (182, 171)]
[(502, 500), (500, 495), (495, 494), (494, 499), (499, 503), (503, 502)]
[(523, 517), (517, 518), (518, 524), (524, 525), (525, 526), (526, 523)]
[(299, 300), (300, 294), (294, 295), (295, 298), (298, 302), (302, 299)]
[(419, 420), (420, 421), (421, 415), (415, 377), (377, 378), (378, 419)]
[(239, 243), (243, 244), (244, 242), (242, 241), (241, 238), (238, 239)]
[(269, 266), (266, 272), (272, 309), (309, 298), (298, 295), (295, 269)]
[(426, 335), (335, 323), (323, 501), (501, 427), (427, 425), (425, 426)]
[(463, 464), (464, 471), (471, 470), (470, 478), (478, 480), (480, 463)]
[(245, 221), (221, 220), (220, 242), (242, 244), (244, 247), (247, 245)]
[(192, 193), (193, 194), (194, 195), (195, 173), (173, 174), (174, 192)]
[(58, 59), (59, 122), (122, 123), (123, 147), (147, 148), (148, 58)]
[(397, 396), (396, 395), (395, 394), (394, 413), (413, 404), (404, 397)]
[(333, 332), (332, 330), (330, 84), (84, 81), (81, 82), (82, 333)]
[(430, 451), (451, 450), (450, 449), (449, 436), (436, 429), (429, 430)]
[(419, 378), (378, 380), (380, 418), (418, 417), (417, 422), (422, 419)]
[(491, 492), (492, 506), (506, 505), (505, 511), (511, 510), (510, 491)]
[(241, 218), (218, 217), (217, 228), (228, 237), (237, 238), (238, 241)]
[(205, 204), (204, 181), (181, 180), (180, 200), (200, 202), (202, 205)]
[(330, 331), (331, 87), (87, 85), (85, 83), (83, 84), (84, 330)]
[(356, 359), (359, 344), (344, 345), (345, 360), (360, 355), (355, 356)]
[(494, 495), (495, 496), (496, 483), (483, 476), (476, 475), (475, 486), (486, 494)]
[(209, 186), (186, 187), (187, 217), (217, 218), (218, 219), (219, 210), (210, 209)]
[(399, 403), (403, 409), (409, 393), (393, 392), (392, 405), (405, 408), (408, 399)]
[(332, 333), (333, 80), (80, 72), (72, 71), (71, 325), (325, 329), (329, 332)]
[(398, 402), (402, 406), (406, 407), (407, 405), (405, 392), (392, 391), (391, 398)]
[(162, 164), (164, 166), (166, 165), (165, 163), (163, 65), (65, 64), (64, 162)]
[(195, 194), (194, 191), (191, 189), (189, 183), (183, 184), (184, 196), (196, 195)]
[(215, 214), (214, 262), (262, 292), (292, 293), (293, 317), (317, 318), (318, 215)]
[(249, 251), (251, 250), (250, 252), (252, 222), (222, 221), (221, 245), (245, 249)]
[(33, 34), (34, 558), (558, 545), (545, 544), (544, 30), (30, 32), (32, 33)]
[(375, 377), (377, 415), (415, 416), (416, 414), (414, 363), (363, 361), (361, 375)]
[(308, 310), (310, 303), (303, 304), (304, 299), (299, 302), (302, 306), (306, 308)]
[(115, 114), (114, 128), (128, 129), (129, 131), (131, 133), (133, 132), (132, 115)]
[(243, 239), (239, 240), (240, 248), (248, 249), (249, 245), (245, 247), (247, 243)]
[(14, 43), (43, 41), (41, 42), (42, 40), (40, 26), (26, 11), (11, 14)]
[(170, 38), (38, 37), (37, 65), (65, 163), (163, 167), (167, 169), (169, 170)]
[(248, 240), (240, 229), (229, 230), (230, 253), (253, 250), (250, 251), (251, 248)]
[(284, 283), (283, 294), (294, 300), (300, 304), (304, 303), (303, 305), (305, 284)]
[(72, 80), (80, 82), (82, 81), (81, 77), (77, 78), (78, 66), (66, 72)]
[(223, 112), (112, 374), (374, 372), (372, 477), (477, 469), (469, 549), (549, 223)]
[(417, 418), (418, 376), (376, 364), (364, 365), (365, 414), (414, 416), (416, 417)]
[(451, 428), (428, 427), (427, 501), (501, 434), (434, 423), (423, 450), (450, 451)]
[(191, 193), (193, 192), (192, 172), (172, 170), (170, 169), (169, 189), (189, 191)]
[(235, 46), (46, 35), (35, 168), (168, 190), (190, 212), (212, 224), (224, 235)]
[(352, 350), (350, 351), (351, 341), (341, 9), (9, 8), (8, 343), (343, 352)]
[(109, 108), (108, 110), (110, 55), (55, 53), (53, 98), (98, 106), (106, 109)]
[(34, 36), (36, 37), (37, 38), (38, 39), (39, 559), (559, 558), (558, 34)]
[(88, 331), (331, 330), (330, 332), (332, 329), (329, 91), (91, 86), (86, 88)]
[(388, 387), (387, 381), (381, 383), (383, 389), (389, 319), (319, 321), (321, 388)]
[(368, 224), (224, 212), (212, 246), (246, 323), (323, 335), (335, 346), (346, 357), (357, 368)]
[(85, 87), (87, 88), (88, 86), (86, 45), (45, 47), (47, 70), (70, 67), (67, 85)]
[(540, 544), (544, 545), (545, 543), (543, 546), (546, 542), (542, 541), (541, 531), (531, 540)]
[(334, 445), (445, 0), (0, 223), (223, 549), (549, 538), (538, 527), (527, 516), (516, 334)]
[(294, 283), (283, 286), (286, 297), (297, 296), (296, 267), (267, 269), (269, 295), (295, 294)]
[(550, 553), (553, 547), (547, 542), (542, 546), (546, 554), (554, 551), (551, 552), (552, 550)]
[(284, 305), (305, 307), (307, 308), (308, 306), (306, 309), (309, 272), (272, 271), (271, 284)]
[(433, 432), (432, 431), (431, 426), (426, 425), (425, 429), (429, 436), (436, 435), (435, 433)]
[(255, 258), (258, 260), (260, 261), (261, 262), (262, 214), (214, 213), (213, 226), (226, 255)]
[(504, 502), (502, 503), (503, 498), (498, 488), (488, 489), (489, 508), (508, 509), (509, 504)]
[(255, 254), (254, 252), (252, 250), (250, 253), (253, 256), (256, 259), (259, 258), (258, 255)]
[(202, 203), (203, 209), (209, 210), (210, 211), (211, 208), (208, 206), (206, 205), (205, 202)]
[(555, 554), (554, 546), (546, 543), (543, 3), (3, 215), (215, 318), (318, 557), (557, 555)]
[(459, 458), (458, 367), (367, 349), (349, 347), (347, 453), (453, 456), (456, 460), (460, 459)]
[(443, 435), (435, 436), (436, 449), (449, 448), (448, 441), (441, 442), (442, 447), (447, 443)]
[(158, 229), (229, 240), (240, 239), (239, 238), (238, 237), (237, 236), (236, 159), (159, 158)]
[(199, 198), (198, 196), (196, 184), (184, 185), (185, 203), (203, 202), (202, 200), (200, 199)]
[(61, 62), (62, 63), (63, 64), (64, 65), (65, 37), (37, 36), (36, 52), (52, 61)]
[(291, 314), (314, 315), (315, 261), (261, 260), (260, 270), (270, 311), (311, 313), (313, 287), (287, 291)]
[(210, 219), (219, 220), (220, 221), (221, 222), (222, 225), (225, 226), (226, 213), (213, 211), (211, 210)]
[(217, 187), (187, 188), (188, 227), (227, 164), (164, 162), (162, 156), (156, 160), (160, 228), (228, 217)]
[(98, 97), (97, 100), (100, 107), (107, 102), (102, 105), (105, 104), (104, 103), (103, 106), (106, 98)]
[(183, 167), (167, 163), (163, 165), (165, 188), (188, 187), (187, 186), (186, 185), (185, 184), (184, 183)]
[(380, 378), (378, 377), (377, 375), (375, 358), (358, 355), (355, 360), (360, 364), (364, 376), (376, 380)]
[(502, 504), (504, 505), (505, 506), (506, 507), (507, 487), (487, 485), (485, 497), (497, 500), (500, 502)]
[(232, 231), (231, 230), (230, 229), (229, 158), (158, 152), (152, 153), (153, 233), (233, 234), (234, 232)]
[(404, 403), (403, 399), (399, 400), (400, 402), (402, 398), (398, 385), (385, 384), (384, 397), (397, 404)]
[(27, 31), (31, 32), (32, 30), (30, 537), (537, 539), (539, 28), (28, 29), (29, 22), (22, 27)]
[(274, 328), (328, 340), (340, 19), (19, 7), (7, 9), (9, 341), (341, 342), (342, 276), (276, 274)]
[(93, 96), (96, 95), (95, 97), (97, 98), (98, 53), (53, 54), (54, 50), (50, 49), (49, 93)]
[(268, 312), (312, 366), (366, 369), (369, 454), (454, 455), (455, 456), (456, 453), (453, 452), (452, 268)]
[(282, 320), (320, 321), (321, 319), (319, 324), (324, 322), (322, 317), (317, 293), (293, 273), (273, 282)]
[(257, 246), (246, 212), (212, 190), (190, 201), (201, 312), (312, 268), (268, 290), (290, 279), (279, 301), (301, 257)]
[(490, 257), (257, 301), (301, 348), (348, 347), (347, 349), (349, 345), (345, 344), (344, 343), (343, 8), (8, 490)]
[(352, 354), (354, 356), (356, 355), (355, 358), (358, 277), (277, 276), (276, 342), (342, 353), (353, 350), (350, 352)]
[(7, 4), (4, 5), (5, 6), (6, 534), (534, 535), (535, 468), (468, 490), (490, 8), (8, 9), (9, 7)]
[(148, 147), (147, 121), (121, 125), (125, 154), (154, 153), (153, 152), (152, 150), (150, 151), (151, 149), (149, 148)]
[(324, 389), (389, 383), (383, 386), (386, 391), (391, 392), (392, 393), (393, 394), (394, 395), (395, 322), (322, 324)]
[(270, 260), (260, 258), (258, 259), (259, 263), (263, 264), (264, 265), (265, 266), (266, 269), (269, 267), (267, 270)]
[(170, 172), (172, 174), (174, 173), (173, 175), (175, 177), (177, 176), (176, 171), (171, 39), (39, 38), (38, 170)]
[(156, 63), (63, 62), (62, 155), (155, 150), (150, 152), (152, 158), (158, 159), (159, 161), (161, 160), (160, 156)]
[(442, 441), (441, 390), (390, 401), (401, 357), (357, 346), (346, 437), (437, 438), (438, 439), (439, 440), (440, 442)]
[(125, 107), (107, 100), (100, 99), (99, 94), (94, 89), (89, 91), (91, 329), (329, 325), (325, 154), (154, 125)]
[(518, 517), (517, 520), (520, 515), (515, 513), (513, 514), (514, 512), (512, 446), (446, 457), (457, 519), (519, 518)]
[(41, 43), (43, 337), (337, 12), (12, 18), (18, 338), (338, 326), (326, 327), (327, 336), (336, 73), (73, 74), (74, 41)]
[(23, 536), (536, 534), (534, 6), (6, 21), (21, 10), (10, 11), (11, 26), (26, 27), (27, 22), (22, 25), (25, 23)]
[(233, 153), (153, 154), (154, 325), (325, 71), (71, 75), (75, 327), (327, 326), (326, 328), (328, 274), (274, 275), (275, 233)]
[(39, 171), (171, 182), (182, 216), (216, 208), (208, 211), (211, 213), (213, 214), (214, 215), (215, 3), (3, 559), (559, 39)]
[(474, 473), (473, 475), (475, 476), (476, 462), (462, 461), (461, 469), (469, 477), (477, 470), (470, 471), (471, 472), (472, 474)]
[(68, 235), (235, 224), (224, 368), (368, 401), (401, 390), (390, 412), (412, 423), (423, 434), (434, 379), (379, 57), (57, 68)]
[(51, 31), (31, 27), (27, 26), (26, 40), (40, 44), (44, 47), (47, 45), (45, 48), (48, 49), (49, 50), (50, 51)]
[(358, 375), (375, 361), (361, 362), (362, 384), (384, 385), (385, 386), (386, 383), (383, 381), (381, 382), (382, 278), (278, 277), (277, 358)]
[(292, 289), (289, 291), (291, 287), (287, 288), (288, 285), (285, 286), (286, 283), (283, 284), (284, 271), (271, 273), (273, 293), (293, 292)]
[(10, 4), (4, 7), (7, 19), (19, 20), (20, 17), (17, 18), (18, 12), (12, 15), (15, 16), (16, 14), (14, 11), (11, 10)]
[(492, 491), (491, 489), (489, 488), (488, 486), (486, 475), (475, 473), (473, 482), (482, 484), (484, 485), (485, 487), (487, 493), (493, 492)]
[(55, 56), (56, 59), (59, 58), (58, 60), (60, 61), (61, 52), (52, 33), (33, 32), (32, 31), (31, 51), (51, 54), (54, 53), (53, 55)]
[(42, 74), (74, 73), (73, 76), (76, 75), (75, 71), (71, 72), (72, 66), (66, 69), (69, 67), (67, 70), (70, 44), (44, 40), (40, 42)]
[(529, 519), (519, 457), (457, 479), (479, 535), (535, 534), (534, 536), (536, 539), (539, 537), (537, 540), (540, 531), (531, 533), (533, 532), (532, 529)]
[(479, 457), (457, 446), (446, 79), (79, 90), (90, 379), (379, 434), (434, 501), (501, 323), (323, 246), (246, 257), (257, 490), (490, 468), (468, 479)]
[(467, 371), (371, 366), (366, 312), (312, 201), (201, 179), (179, 527), (527, 538), (538, 461), (461, 462), (462, 466), (466, 465), (465, 464), (464, 463), (463, 467)]
[(116, 118), (118, 137), (137, 139), (139, 141), (141, 140), (140, 138), (138, 134), (134, 136), (136, 131), (131, 129), (129, 130), (130, 103), (103, 104), (104, 116)]
[(396, 528), (528, 526), (526, 525), (525, 530), (530, 529), (529, 532), (532, 548), (548, 553), (553, 550), (550, 557), (557, 318), (318, 317), (317, 322), (322, 395), (395, 396)]
[(522, 520), (520, 517), (517, 523), (523, 528), (528, 396), (396, 397), (397, 384), (384, 362), (362, 374), (374, 112), (112, 1), (1, 13), (13, 157), (157, 146), (146, 522)]
[(282, 273), (273, 271), (271, 272), (272, 266), (266, 265), (265, 232), (232, 234), (234, 275), (275, 274), (274, 276), (276, 277), (277, 278), (278, 281), (281, 280), (280, 282)]
[(35, 46), (46, 68), (68, 57), (57, 90), (90, 79), (79, 101), (101, 113), (113, 124), (124, 135), (135, 146), (146, 157), (157, 24), (24, 334), (334, 516), (516, 35)]
[(366, 371), (371, 373), (373, 372), (372, 374), (374, 362), (362, 361), (361, 363), (363, 365), (365, 364), (364, 360), (360, 345), (345, 349), (349, 367), (367, 370), (370, 369), (369, 366)]
[(110, 120), (120, 111), (111, 114), (114, 115), (115, 117), (117, 118), (118, 116), (116, 119), (119, 102), (102, 107), (107, 125), (125, 121), (121, 123), (123, 122), (122, 56), (56, 55), (55, 110)]
