[(64, 41), (41, 40), (40, 64)]
[(330, 311), (311, 310), (310, 330)]
[(285, 348), (348, 287), (287, 285)]
[(444, 443), (443, 61), (61, 444)]
[(165, 164), (164, 170), (170, 165)]
[(282, 300), (300, 284), (284, 282)]
[(86, 84), (84, 82), (82, 86)]
[(182, 281), (281, 183), (183, 182)]
[(360, 473), (473, 440), (440, 360)]
[(102, 96), (96, 95), (95, 102)]
[(368, 235), (235, 224), (224, 368)]
[(153, 160), (160, 154), (154, 153)]
[(147, 150), (150, 151), (151, 147)]
[(77, 76), (76, 81), (81, 77)]
[(88, 98), (98, 92), (92, 88)]
[(10, 349), (349, 14), (14, 10)]
[(307, 305), (305, 316), (316, 307)]
[(288, 304), (304, 289), (289, 288)]
[(251, 229), (229, 219), (219, 251)]
[(466, 461), (461, 460), (460, 466)]
[(361, 79), (79, 57), (57, 361)]
[(446, 434), (434, 445), (445, 446)]
[(345, 344), (344, 342), (342, 345)]
[(129, 134), (134, 131), (131, 129)]
[(186, 185), (185, 188), (188, 186)]
[(135, 113), (113, 458), (458, 135)]
[(236, 230), (230, 277), (277, 236)]
[(114, 125), (125, 115), (115, 114)]
[(136, 144), (144, 138), (138, 136)]
[(7, 5), (5, 4), (4, 7)]
[(401, 433), (433, 412), (412, 401)]
[(450, 469), (469, 452), (452, 450)]
[(0, 2), (2, 112), (112, 0)]
[(48, 47), (47, 69), (69, 48)]
[(99, 97), (97, 94), (94, 99)]
[(374, 397), (397, 375), (375, 374)]
[(201, 335), (335, 212), (212, 201)]
[(51, 50), (50, 53), (53, 51)]
[(439, 437), (437, 22), (22, 439)]
[(424, 422), (422, 426), (426, 424)]
[(231, 278), (278, 233), (233, 231)]
[(75, 74), (74, 87), (87, 75)]
[(477, 476), (476, 3), (3, 477)]
[(453, 479), (479, 454), (454, 453)]
[(465, 279), (279, 257), (257, 465)]
[(227, 226), (226, 249), (249, 227)]
[(202, 210), (210, 203), (203, 202)]
[(234, 232), (232, 276), (276, 234)]
[(301, 428), (428, 312), (312, 301)]
[(457, 448), (448, 447), (447, 457)]
[(406, 411), (411, 407), (407, 406)]
[(23, 32), (32, 27), (27, 23)]
[(126, 123), (123, 161), (161, 126)]
[(68, 462), (462, 451), (451, 68)]
[(155, 163), (163, 156), (156, 155)]
[(373, 382), (382, 376), (376, 373)]
[(158, 110), (110, 109), (109, 158)]
[(197, 206), (206, 198), (198, 197)]
[(320, 339), (339, 321), (321, 320)]
[(370, 365), (365, 364), (364, 367), (367, 370)]
[(355, 365), (365, 370), (370, 356), (356, 355)]
[(336, 337), (337, 340), (340, 338), (338, 336)]
[(468, 469), (469, 450), (450, 449), (449, 468)]
[(85, 87), (87, 74), (74, 72), (72, 85)]
[(414, 413), (413, 427), (427, 420), (420, 414)]
[(69, 47), (47, 44), (44, 66), (66, 69)]
[(176, 192), (192, 194), (194, 177), (177, 176)]
[(189, 174), (174, 173), (173, 187), (187, 189)]
[(354, 291), (291, 46), (46, 35), (35, 354)]
[(293, 359), (359, 353), (353, 296), (296, 293)]
[(250, 241), (241, 240), (240, 272), (272, 250)]
[(107, 152), (152, 158), (158, 109), (109, 107)]
[(387, 383), (383, 381), (381, 380), (380, 387)]
[(476, 474), (474, 483), (483, 3), (3, 476)]
[(340, 337), (337, 333), (333, 341), (341, 340)]
[(196, 205), (205, 206), (206, 197), (197, 196)]
[(65, 38), (38, 37), (37, 62), (62, 65)]
[(265, 256), (256, 255), (255, 263), (263, 265)]
[(329, 330), (330, 310), (310, 309), (309, 329)]
[(159, 162), (162, 127), (127, 121), (121, 159)]
[(472, 478), (478, 481), (481, 480), (480, 472)]
[(348, 347), (347, 286), (286, 287), (287, 348)]
[(32, 31), (31, 26), (26, 27), (27, 32)]
[(174, 189), (189, 191), (191, 175), (175, 174)]
[(418, 416), (416, 424), (424, 426), (426, 418)]
[(105, 104), (104, 106), (106, 116), (116, 105)]
[(471, 467), (467, 475), (475, 482), (482, 471)]
[(146, 124), (124, 463), (463, 179), (179, 146)]
[(394, 392), (392, 421), (421, 425), (425, 394)]
[(466, 460), (460, 456), (456, 455), (455, 466)]
[(357, 346), (346, 390), (390, 431), (431, 357)]
[(259, 258), (258, 256), (256, 265), (265, 259)]
[(364, 366), (366, 369), (369, 367), (367, 364)]
[(400, 403), (403, 404), (404, 405), (405, 400)]
[(29, 28), (28, 43), (43, 49), (49, 29)]
[(266, 267), (267, 271), (271, 270), (270, 266)]
[(102, 95), (95, 91), (91, 89), (89, 102)]
[(351, 350), (350, 314), (314, 315), (315, 351)]
[(273, 272), (272, 240), (240, 242), (242, 273)]
[(215, 237), (237, 211), (211, 209), (209, 215)]
[(11, 9), (9, 286), (286, 347), (347, 11)]
[(42, 33), (33, 34), (34, 103), (103, 80), (80, 42)]
[(481, 290), (290, 268), (268, 470), (470, 480), (480, 481)]
[(299, 298), (298, 327), (327, 344), (344, 345), (345, 299)]
[(332, 333), (333, 337), (337, 336), (336, 331), (331, 332)]
[(231, 228), (228, 274), (274, 275), (275, 278), (278, 231)]
[(212, 334), (334, 223), (223, 168), (168, 201), (201, 212)]
[(252, 247), (247, 248), (248, 254), (254, 253), (253, 252)]
[(117, 130), (130, 139), (139, 140), (140, 118), (118, 117)]
[(324, 328), (328, 332), (332, 331), (331, 325), (325, 324)]
[(187, 173), (173, 172), (172, 186), (186, 188), (188, 187)]
[(264, 263), (263, 255), (255, 252), (252, 253), (253, 264)]
[(475, 477), (477, 3), (3, 483), (483, 482), (482, 475)]
[(271, 267), (267, 269), (269, 222), (222, 221), (221, 271)]
[(421, 392), (392, 391), (391, 409), (409, 417), (417, 421)]
[(317, 316), (316, 305), (305, 313), (313, 318), (318, 317)]
[(270, 271), (271, 221), (221, 220), (220, 262), (262, 270)]
[(366, 295), (295, 294), (294, 377), (377, 369), (369, 366)]
[(432, 431), (431, 390), (390, 412), (412, 433), (433, 432)]
[(276, 232), (232, 233), (233, 278), (278, 275), (275, 276)]
[(141, 119), (119, 118), (118, 140), (140, 142), (142, 141)]
[(397, 374), (374, 372), (372, 385), (385, 396), (396, 397)]
[(7, 435), (435, 430), (430, 423), (423, 5), (5, 7)]
[(192, 176), (176, 175), (175, 191), (191, 193), (193, 192)]
[(262, 261), (261, 260), (260, 266), (266, 270), (270, 262)]
[(410, 415), (415, 413), (413, 414), (414, 408), (408, 410)]
[(125, 114), (114, 111), (111, 161), (161, 123), (123, 125)]
[(181, 185), (185, 186), (186, 172), (172, 171), (171, 181)]
[(336, 338), (338, 326), (326, 325), (325, 331), (331, 336)]
[(41, 64), (64, 63), (63, 62), (62, 37), (37, 41)]
[(139, 130), (130, 131), (131, 134), (134, 137), (137, 139)]
[(400, 405), (405, 406), (406, 407), (407, 402), (402, 400)]
[(52, 441), (441, 438), (438, 53), (53, 50), (50, 52)]
[(395, 398), (398, 384), (384, 383), (383, 387), (387, 395)]
[(220, 218), (218, 217), (217, 261), (261, 262), (262, 220)]
[(396, 385), (385, 386), (386, 399), (399, 388), (388, 396)]
[(248, 249), (249, 226), (226, 225), (225, 254), (254, 248)]
[(111, 108), (108, 122), (122, 126), (126, 161), (161, 111)]
[(352, 351), (351, 315), (315, 303), (303, 302), (302, 352)]
[(170, 164), (164, 166), (166, 167), (167, 169), (169, 170)]
[(224, 246), (246, 346), (346, 357), (357, 379), (379, 368), (368, 224)]
[(399, 403), (403, 400), (400, 402), (402, 389), (389, 388), (388, 399)]
[(202, 204), (204, 208), (208, 209), (209, 211), (211, 210), (210, 202)]
[(427, 398), (398, 395), (395, 393), (393, 419), (419, 420), (420, 427)]
[(411, 406), (406, 405), (405, 404), (404, 415), (415, 410), (410, 411)]
[(458, 459), (459, 464), (464, 463), (463, 124), (124, 135), (135, 458)]
[(132, 136), (136, 138), (138, 137), (137, 134), (134, 129), (129, 132)]
[(143, 147), (147, 151), (151, 184), (184, 178), (178, 145), (145, 143)]
[(160, 153), (153, 156), (156, 163), (163, 162), (162, 159), (159, 160)]
[(51, 53), (53, 438), (438, 439), (439, 22), (22, 21), (21, 51)]
[(463, 464), (464, 465), (465, 257), (257, 190), (190, 179), (179, 463)]
[(418, 426), (426, 422), (422, 425), (425, 421), (421, 417), (417, 418)]
[(76, 78), (78, 83), (83, 82), (82, 84), (84, 81), (81, 76)]
[(65, 67), (67, 66), (66, 44), (44, 39), (39, 38), (38, 65)]
[(144, 142), (142, 140), (140, 139), (139, 137), (137, 138), (138, 144)]
[(269, 264), (264, 253), (253, 254), (254, 225), (225, 222), (222, 269)]
[(45, 48), (48, 69), (69, 66), (66, 67), (67, 54), (54, 45)]
[(371, 377), (377, 294), (294, 292), (292, 363), (363, 378), (378, 371)]
[(168, 223), (223, 1), (1, 146), (146, 179), (179, 190), (190, 168)]
[(324, 308), (308, 311), (311, 330), (330, 329), (329, 328), (328, 324)]
[(362, 363), (363, 292), (292, 291), (291, 354), (354, 358), (358, 362)]
[(101, 90), (90, 448), (448, 457), (457, 455), (455, 456), (456, 101)]
[(451, 473), (473, 360), (360, 361), (361, 57), (57, 68), (68, 451)]
[(36, 34), (34, 33), (33, 31), (31, 32), (32, 23), (23, 30), (30, 36)]
[(366, 364), (364, 365), (365, 355), (355, 359), (359, 293), (293, 295), (295, 366)]
[(274, 228), (228, 229), (229, 251), (251, 250), (250, 272), (272, 273), (273, 274)]
[(199, 214), (214, 213), (213, 208), (208, 204), (204, 205), (205, 196), (196, 199)]
[(480, 470), (470, 471), (471, 482), (482, 483), (483, 474), (474, 472), (472, 480)]
[(20, 21), (21, 22), (22, 437), (437, 436), (436, 8), (8, 15), (15, 20)]
[(181, 171), (171, 178), (178, 184), (184, 182), (182, 183), (183, 180), (180, 181)]
[(18, 19), (19, 17), (17, 16), (16, 15), (15, 8), (8, 12), (12, 18)]
[(283, 284), (284, 300), (300, 299), (299, 345), (345, 342), (342, 343), (343, 283)]
[(56, 58), (58, 59), (59, 60), (60, 61), (61, 443), (443, 442), (442, 56)]
[(67, 65), (65, 62), (62, 63), (63, 70), (70, 55), (55, 54), (54, 67)]
[(84, 86), (86, 85), (85, 72), (72, 71), (71, 77), (77, 81), (81, 84)]
[(49, 52), (52, 50), (50, 51), (51, 21), (21, 20), (20, 29), (29, 49)]
[(217, 216), (216, 239), (239, 258), (258, 259), (259, 260), (260, 261), (261, 217)]
[(238, 247), (247, 252), (252, 255), (255, 256), (256, 258), (258, 239), (239, 238)]
[(416, 419), (419, 393), (393, 394), (394, 425), (425, 422), (422, 424), (424, 416)]
[(320, 319), (319, 326), (326, 338), (338, 340), (340, 341), (341, 339), (339, 320)]
[(99, 94), (94, 96), (96, 102), (102, 89), (89, 92), (92, 98), (98, 99)]
[(350, 351), (351, 352), (352, 18), (18, 12), (12, 14), (14, 349), (349, 350)]
[(130, 117), (117, 120), (120, 133), (133, 132), (132, 129), (129, 131), (131, 130)]
[(318, 343), (343, 342), (342, 344), (344, 327), (327, 322), (322, 317), (317, 318)]
[(460, 461), (461, 459), (459, 458), (458, 113), (113, 101), (101, 456), (456, 460)]
[(376, 382), (382, 380), (380, 381), (381, 378), (378, 363), (363, 362), (362, 376)]
[(208, 213), (213, 216), (216, 217), (217, 218), (218, 215), (215, 209), (209, 208)]
[(317, 322), (322, 319), (319, 320), (320, 321), (321, 306), (306, 307), (307, 316), (316, 317)]
[(59, 97), (97, 99), (99, 98), (98, 88), (88, 93), (93, 100), (100, 60), (60, 59)]
[(180, 183), (183, 281), (281, 280), (280, 243), (243, 214), (214, 199), (199, 200), (200, 180)]
[(73, 91), (91, 95), (95, 96), (96, 94), (94, 97), (97, 59), (59, 58), (58, 73)]
[(144, 136), (136, 132), (132, 133), (133, 143), (143, 145), (145, 141), (141, 142), (142, 144)]
[(203, 207), (207, 195), (195, 198), (198, 206), (206, 205), (205, 204), (204, 202), (202, 203)]
[(143, 133), (133, 120), (120, 128), (128, 148), (148, 149), (149, 150), (150, 147), (147, 143)]
[(371, 378), (378, 381), (381, 383), (383, 384), (384, 386), (386, 385), (385, 372), (372, 371)]
[(93, 83), (83, 78), (78, 80), (80, 103), (103, 104), (104, 105), (105, 100), (100, 93)]
[(266, 260), (260, 259), (259, 265), (265, 263), (263, 264), (264, 269), (269, 267), (267, 266)]
[(409, 408), (408, 414), (414, 420), (420, 419), (419, 416), (416, 418), (418, 417), (417, 409)]
[(411, 410), (410, 408), (408, 409), (409, 391), (391, 389), (389, 402), (402, 407), (407, 411)]
[(25, 39), (39, 44), (44, 47), (47, 48), (48, 45), (45, 43), (43, 28), (28, 25)]
[(241, 250), (250, 251), (251, 219), (219, 227), (227, 249), (249, 248), (248, 247), (247, 238), (238, 241)]
[(188, 185), (185, 181), (181, 180), (180, 200), (200, 193), (193, 191), (191, 189), (189, 187), (187, 188)]
[(195, 194), (194, 192), (192, 193), (193, 200), (200, 199), (199, 196), (196, 197), (197, 198), (198, 195)]
[(428, 423), (423, 430), (430, 401), (401, 412), (412, 390), (390, 346), (346, 246), (246, 312), (312, 428)]
[(159, 121), (121, 122), (122, 108), (108, 110), (110, 158), (158, 152), (152, 154), (154, 160), (160, 159)]
[(55, 56), (56, 442), (442, 441), (441, 52), (52, 49), (49, 43), (43, 45), (45, 54), (54, 55)]
[(325, 326), (326, 319), (319, 322), (322, 327), (327, 298), (298, 297), (297, 308), (308, 324), (324, 325)]
[(244, 207), (207, 203), (203, 210), (210, 211), (211, 237), (237, 236), (236, 277), (277, 245), (245, 244)]
[(309, 306), (306, 321), (321, 339), (339, 341), (341, 333), (333, 332), (332, 328), (328, 329), (329, 309)]
[(75, 73), (73, 58), (58, 56), (56, 55), (55, 70), (70, 71), (71, 72), (72, 74), (74, 75)]
[(427, 413), (413, 415), (415, 404), (404, 403), (403, 399), (399, 386), (386, 384), (384, 398), (398, 427)]
[(243, 280), (280, 169), (169, 167), (167, 177), (177, 194), (194, 195), (195, 207), (207, 244), (244, 243)]
[(454, 449), (449, 450), (450, 452), (452, 447), (447, 448), (448, 90), (90, 157), (157, 453), (453, 454)]
[(273, 242), (242, 245), (245, 277), (277, 230), (230, 234), (234, 276), (276, 275), (275, 274), (274, 273)]
[(298, 299), (299, 300), (300, 282), (282, 289), (289, 304), (304, 302), (302, 303), (303, 297), (297, 298)]
[(223, 334), (334, 429), (429, 440), (440, 473), (473, 451), (451, 462), (462, 0), (0, 112), (112, 1), (1, 223)]
[(30, 16), (16, 17), (17, 155), (155, 156), (156, 153), (153, 154), (154, 152), (152, 107), (107, 36), (36, 30)]
[(35, 46), (46, 24), (24, 13), (13, 2), (2, 0), (0, 462), (462, 68), (68, 57), (57, 79), (79, 35)]
[(40, 42), (42, 80), (80, 78), (78, 76), (76, 77), (77, 71), (71, 70), (70, 63), (63, 64), (64, 40)]
[(184, 151), (151, 150), (150, 149), (149, 165), (165, 170), (170, 169), (169, 280), (280, 281), (281, 182), (182, 184)]
[(40, 41), (41, 37), (37, 38), (38, 39), (39, 25), (25, 26), (26, 31), (31, 33), (33, 42), (42, 40)]
[(15, 16), (16, 30), (30, 23), (23, 27), (27, 26), (26, 25), (25, 28), (28, 29), (29, 20), (20, 15)]
[(216, 213), (213, 214), (214, 243), (243, 244), (244, 245), (245, 242), (242, 240), (240, 241), (241, 238), (238, 239), (239, 216)]
[(446, 166), (166, 164), (164, 165), (165, 149), (149, 148), (148, 379), (379, 357), (357, 431), (431, 432), (432, 434), (434, 446)]
[(7, 4), (4, 6), (6, 9), (9, 11), (11, 10), (10, 14), (14, 12), (12, 8), (8, 436), (436, 435), (435, 7)]
[(13, 157), (157, 90), (90, 101), (101, 113), (113, 135), (135, 124), (124, 146), (146, 1), (1, 112), (112, 2), (2, 13)]
[(468, 449), (449, 454), (454, 479), (479, 478), (478, 472), (472, 474), (474, 476), (476, 477), (477, 475), (475, 467), (467, 468)]
[(115, 106), (106, 104), (104, 103), (103, 34), (34, 36), (36, 107), (107, 109), (109, 110), (110, 108), (108, 111), (111, 114), (114, 115)]
[(440, 429), (429, 353), (353, 359), (359, 355), (355, 356), (356, 358), (358, 354), (354, 35), (35, 79), (79, 361), (361, 360), (360, 440)]
[(309, 310), (310, 311), (311, 308), (308, 297), (297, 303), (303, 315), (315, 314), (314, 313), (313, 305), (305, 307), (307, 306), (306, 309)]
[(11, 347), (347, 348), (348, 285), (285, 283), (283, 343), (343, 318), (318, 313), (313, 314), (314, 350), (350, 349), (349, 10), (10, 11)]
[(92, 89), (89, 91), (91, 73), (73, 75), (75, 87), (87, 85), (85, 86), (86, 82), (82, 83), (83, 93), (93, 88), (88, 92)]
[(162, 163), (163, 155), (155, 17), (17, 19), (19, 323), (323, 235), (235, 368), (368, 379), (379, 148), (148, 128), (128, 127), (127, 162)]
[(302, 304), (304, 288), (288, 296), (296, 353), (353, 429), (429, 334), (334, 212), (212, 335), (335, 323), (323, 19), (19, 18), (18, 352), (352, 302)]
[(371, 372), (372, 374), (374, 375), (375, 373), (373, 376), (376, 362), (362, 358), (358, 356), (356, 370), (370, 367), (367, 369), (369, 377), (377, 371)]
[(120, 117), (117, 118), (118, 119), (119, 116), (116, 106), (106, 115), (115, 125), (125, 123), (123, 126), (126, 122), (122, 121), (121, 127), (127, 128), (128, 120)]
[(4, 5), (5, 423), (423, 428), (428, 301), (301, 290), (290, 481), (481, 478), (478, 479), (479, 453), (453, 157), (157, 13), (13, 24), (24, 6), (6, 4)]
[(391, 392), (392, 394), (394, 393), (393, 395), (395, 387), (387, 380), (380, 382), (382, 373), (373, 375), (375, 397), (397, 396), (396, 388), (388, 389), (389, 391)]
[(268, 290), (290, 301), (301, 312), (312, 246), (246, 224), (224, 235), (235, 323), (323, 335), (335, 201), (201, 168), (168, 190), (190, 257), (257, 279), (279, 268)]
[(439, 438), (438, 441), (441, 442), (442, 443), (443, 444), (444, 445), (445, 434), (434, 432), (432, 433), (433, 401), (401, 430), (430, 435), (435, 436), (436, 437), (437, 439)]
[(467, 471), (471, 470), (470, 268), (268, 279), (279, 465), (465, 464), (464, 459), (459, 461), (461, 466), (466, 455), (455, 457), (457, 447), (447, 452), (452, 469), (469, 468), (468, 467)]
[(215, 218), (218, 220), (220, 221), (221, 222), (222, 225), (225, 226), (226, 227), (227, 219), (219, 229), (229, 228), (228, 231), (231, 233), (233, 232), (232, 234), (234, 230), (230, 236), (236, 237), (237, 215)]
[(9, 6), (6, 24), (24, 46), (46, 291), (291, 292), (292, 294), (294, 295), (295, 293), (293, 296), (296, 288), (288, 289), (289, 282), (282, 284), (284, 283), (283, 285), (285, 287), (287, 286), (286, 9)]
[(141, 145), (145, 178), (178, 171), (171, 172), (172, 173), (173, 174), (174, 175), (175, 176), (176, 177), (177, 167), (167, 166), (166, 446), (446, 445), (445, 444), (444, 61), (61, 60), (60, 100), (100, 105), (105, 116), (116, 119), (119, 141)]
