[(167, 174), (174, 175), (175, 167)]
[(38, 95), (95, 39), (39, 38)]
[(190, 189), (189, 203), (203, 190)]
[(63, 27), (27, 25), (25, 63)]
[(145, 148), (148, 146), (146, 145)]
[(65, 64), (64, 69), (69, 65)]
[(18, 12), (12, 11), (11, 18)]
[(166, 156), (156, 155), (155, 166)]
[(52, 50), (50, 58), (58, 52)]
[(103, 99), (99, 97), (97, 103)]
[(104, 86), (86, 84), (84, 104)]
[(61, 60), (60, 59), (59, 61)]
[(126, 125), (125, 128), (128, 126)]
[(57, 46), (46, 131), (131, 57)]
[(193, 192), (192, 196), (196, 193)]
[(210, 215), (215, 212), (212, 210)]
[(35, 13), (13, 90), (90, 35)]
[(147, 152), (152, 149), (149, 147)]
[(188, 186), (186, 197), (197, 188)]
[(166, 155), (155, 164), (164, 165), (165, 166)]
[(74, 75), (75, 19), (19, 17), (17, 74)]
[(169, 177), (177, 176), (176, 168), (168, 169)]
[(2, 130), (130, 129), (129, 205), (205, 2)]
[(192, 163), (163, 162), (162, 196), (196, 192)]
[(78, 21), (21, 20), (20, 77), (77, 78)]
[(40, 49), (49, 54), (54, 41), (41, 40)]
[(38, 37), (37, 94), (94, 95), (95, 38)]
[(157, 167), (167, 175), (175, 158), (158, 157)]
[(111, 209), (209, 208), (208, 120), (120, 111)]
[(117, 199), (199, 201), (201, 118), (118, 117)]
[(127, 128), (128, 125), (125, 123), (123, 127)]
[(177, 178), (178, 179), (179, 176), (176, 177)]
[(86, 104), (104, 92), (92, 85), (85, 86)]
[(53, 45), (45, 44), (44, 83), (83, 53)]
[(88, 91), (91, 96), (96, 89), (89, 88)]
[(102, 100), (100, 105), (105, 106), (106, 102)]
[(215, 214), (214, 211), (211, 212), (212, 215)]
[(123, 122), (122, 121), (121, 127), (127, 123)]
[(7, 3), (3, 213), (213, 204), (204, 206), (206, 7)]
[(108, 107), (107, 129), (129, 130), (130, 109), (109, 108)]
[(73, 72), (72, 82), (82, 87), (87, 80), (80, 73)]
[(36, 34), (34, 92), (92, 104), (104, 84), (84, 36)]
[(159, 136), (136, 135), (135, 185), (185, 191), (191, 159)]
[(173, 171), (171, 211), (211, 214), (214, 180), (180, 173)]
[(116, 118), (118, 201), (201, 198), (198, 15), (15, 116)]
[(143, 142), (142, 141), (141, 137), (137, 138), (138, 143)]
[(156, 166), (166, 165), (165, 154), (154, 153), (153, 156)]
[(205, 129), (129, 107), (107, 16), (16, 194), (194, 205)]
[(43, 42), (42, 60), (60, 61), (61, 47), (47, 43)]
[(76, 77), (77, 20), (20, 19), (19, 75), (75, 76)]
[(75, 74), (74, 70), (70, 71), (71, 76), (76, 75)]
[(132, 133), (133, 140), (140, 138), (138, 137), (137, 132)]
[(4, 5), (5, 6), (6, 182), (182, 181), (181, 4)]
[(116, 110), (110, 119), (119, 117), (117, 118), (118, 116)]
[(193, 196), (196, 162), (162, 159), (159, 191), (191, 193)]
[(202, 203), (203, 189), (189, 124), (124, 113), (113, 202)]
[(48, 62), (62, 63), (63, 25), (25, 23), (23, 48)]
[(141, 79), (79, 68), (68, 132), (132, 137), (137, 141)]
[(37, 29), (29, 28), (28, 93), (93, 94), (94, 37)]
[(130, 2), (2, 172), (172, 161), (161, 109), (109, 130)]
[(30, 31), (31, 105), (105, 100), (100, 98), (98, 30)]
[(81, 80), (80, 87), (87, 88), (88, 89), (89, 81)]
[(207, 200), (200, 199), (199, 117), (117, 119), (119, 207)]
[(64, 51), (51, 53), (53, 83), (83, 67), (67, 69), (69, 64)]
[(146, 144), (144, 143), (143, 138), (138, 140), (140, 145), (145, 146)]
[(205, 194), (194, 183), (183, 0), (0, 172), (172, 2), (2, 205)]
[(54, 55), (55, 59), (59, 60), (60, 42), (42, 41), (41, 54)]
[(55, 54), (54, 49), (49, 52), (52, 58), (58, 56), (56, 55)]
[(24, 142), (142, 143), (143, 144), (144, 112), (112, 1), (1, 24)]
[(74, 17), (17, 18), (18, 11), (11, 10), (10, 70), (70, 74)]
[(43, 47), (47, 48), (48, 23), (23, 22), (22, 32), (32, 43)]
[(126, 128), (128, 127), (127, 121), (121, 115), (115, 114), (114, 126)]
[(90, 79), (79, 141), (141, 142), (142, 24), (24, 35), (35, 90)]
[(125, 126), (126, 114), (114, 111), (111, 120), (120, 122), (122, 123), (123, 125)]
[(77, 76), (76, 71), (71, 73), (73, 80), (80, 81), (81, 78), (78, 77)]
[(134, 133), (133, 132), (132, 68), (68, 101), (101, 135), (135, 136), (136, 134)]
[(139, 149), (149, 152), (152, 151), (151, 153), (153, 154), (154, 150), (150, 139)]
[(72, 73), (73, 71), (71, 70), (70, 10), (10, 9), (9, 66), (66, 72)]
[(161, 172), (172, 0), (0, 1), (1, 112), (112, 139), (139, 150), (150, 161)]
[(146, 148), (148, 147), (147, 149), (149, 139), (139, 112), (112, 144), (144, 146)]
[(51, 50), (50, 52), (52, 49), (49, 40), (40, 45), (45, 53), (53, 51)]
[(55, 56), (56, 62), (62, 48), (48, 47), (47, 61), (61, 59), (59, 55)]
[(69, 67), (67, 66), (66, 9), (9, 8), (8, 26), (26, 65), (65, 69)]
[(105, 31), (31, 14), (14, 16), (16, 107), (107, 108), (108, 106), (106, 105)]
[(21, 6), (6, 5), (5, 12), (12, 18), (18, 17), (17, 19), (19, 20), (20, 21)]
[(148, 145), (145, 140), (140, 133), (133, 134), (134, 151), (151, 152), (152, 147), (147, 148)]
[(120, 208), (208, 207), (207, 119), (119, 110), (110, 115), (115, 121), (121, 122), (122, 120)]
[(40, 41), (41, 42), (42, 43), (43, 32), (32, 33), (33, 44), (44, 45), (45, 40)]
[(179, 178), (178, 184), (184, 103), (103, 97), (97, 98), (98, 100), (100, 102), (102, 179)]
[(180, 181), (181, 182), (182, 184), (184, 178), (178, 177), (177, 169), (169, 173), (173, 180)]
[(24, 1), (1, 0), (0, 183), (183, 46), (46, 57), (57, 13), (13, 35), (35, 24)]
[(98, 97), (97, 99), (99, 96), (96, 91), (91, 93), (93, 28), (28, 30), (30, 98)]
[(171, 170), (170, 195), (195, 204), (204, 213), (213, 210), (210, 212), (212, 211), (211, 171)]
[(210, 213), (213, 3), (3, 4), (4, 181), (181, 180), (180, 214), (214, 215), (215, 210)]
[(101, 124), (124, 189), (189, 190), (190, 186), (186, 188), (188, 187), (187, 185), (185, 135), (135, 101)]
[(170, 171), (171, 173), (173, 169), (169, 168), (168, 174), (174, 167), (167, 157), (157, 160), (160, 170)]
[(202, 198), (198, 201), (201, 199), (199, 200), (200, 197), (197, 186), (186, 190), (190, 203), (203, 202)]
[(101, 68), (68, 79), (79, 90), (90, 13), (13, 57), (57, 131), (131, 113), (113, 124), (124, 101)]
[(39, 34), (34, 36), (36, 33), (33, 32), (32, 22), (22, 29), (29, 37), (37, 38), (38, 39)]
[(7, 206), (206, 209), (209, 111), (111, 114), (114, 115), (115, 110), (110, 116), (116, 15), (15, 7)]
[(192, 193), (193, 191), (191, 185), (185, 187), (187, 195), (195, 170), (170, 160), (160, 163), (163, 192)]
[(21, 78), (78, 81), (81, 89), (89, 96), (96, 99), (99, 103), (103, 184), (184, 182), (182, 6), (6, 21)]
[(56, 58), (58, 50), (50, 51), (51, 64), (64, 65), (65, 26), (26, 27), (27, 63), (63, 62), (62, 56)]
[(188, 197), (197, 200), (200, 207), (207, 208), (208, 209), (209, 206), (206, 204), (204, 195), (195, 187), (187, 188)]
[(14, 31), (31, 30), (30, 28), (28, 29), (29, 22), (22, 23), (23, 25), (25, 27), (27, 26), (26, 8), (8, 14)]
[(33, 36), (36, 84), (84, 86), (86, 85), (85, 82), (82, 72), (72, 66), (66, 67), (67, 83), (83, 44), (44, 33)]
[(91, 88), (88, 87), (87, 82), (82, 85), (85, 92), (92, 34), (34, 39), (39, 95), (95, 94), (94, 93), (93, 91)]
[(162, 163), (163, 160), (160, 157), (157, 158), (158, 164), (164, 155), (155, 156), (156, 153), (153, 151), (151, 134), (134, 136), (136, 159), (159, 162)]
[(161, 150), (150, 154), (154, 165), (165, 164), (164, 158), (158, 175), (175, 174), (174, 168), (168, 176), (176, 179), (179, 102), (102, 106), (106, 108), (108, 109), (109, 161)]
[(198, 202), (202, 113), (113, 131), (131, 46), (46, 183), (183, 194), (194, 16), (16, 14), (14, 8), (8, 9), (9, 10), (10, 11), (11, 12), (12, 5), (5, 4), (4, 3), (3, 7), (7, 15), (15, 198)]
