[(144, 145), (145, 143), (143, 144)]
[(336, 337), (337, 356), (356, 336)]
[(43, 44), (44, 47), (47, 43)]
[(369, 350), (350, 353), (353, 369)]
[(305, 225), (225, 228), (228, 305)]
[(309, 306), (306, 307), (307, 309)]
[(173, 221), (221, 172), (172, 173)]
[(100, 94), (94, 95), (95, 100)]
[(302, 293), (293, 294), (294, 302)]
[(194, 219), (219, 193), (193, 194)]
[(57, 90), (90, 46), (46, 57)]
[(217, 215), (215, 216), (216, 217)]
[(59, 50), (50, 51), (51, 59)]
[(105, 118), (118, 102), (102, 105)]
[(238, 239), (239, 254), (254, 238)]
[(154, 17), (17, 21), (21, 154)]
[(130, 133), (133, 129), (129, 130)]
[(92, 87), (87, 88), (88, 92)]
[(42, 12), (12, 14), (14, 42)]
[(284, 273), (273, 275), (275, 284)]
[(266, 270), (270, 265), (265, 266)]
[(287, 296), (296, 286), (286, 287)]
[(56, 52), (52, 53), (53, 56)]
[(321, 322), (322, 320), (320, 321)]
[(264, 269), (269, 263), (263, 264)]
[(310, 276), (276, 278), (278, 310)]
[(252, 253), (253, 261), (261, 252)]
[(64, 93), (93, 63), (63, 64)]
[(326, 344), (344, 312), (312, 326)]
[(125, 127), (127, 134), (134, 125)]
[(132, 115), (115, 117), (117, 132)]
[(120, 136), (136, 119), (119, 120)]
[(202, 199), (199, 200), (200, 202)]
[(180, 202), (202, 200), (200, 177), (177, 180)]
[(332, 333), (333, 359), (359, 358), (358, 332)]
[(34, 27), (27, 28), (28, 40), (40, 34)]
[(49, 58), (58, 55), (55, 48), (48, 49)]
[(136, 108), (108, 106), (106, 119), (119, 136)]
[(188, 217), (217, 216), (216, 186), (186, 188)]
[(175, 181), (181, 203), (203, 195), (195, 175)]
[(338, 99), (99, 147), (147, 339), (339, 338)]
[(344, 326), (326, 325), (325, 343), (343, 344)]
[(134, 127), (127, 126), (126, 131), (131, 134)]
[(381, 86), (86, 91), (91, 380), (380, 381)]
[(389, 97), (97, 96), (96, 388), (388, 389)]
[(2, 379), (379, 35), (35, 24), (24, 2)]
[(33, 34), (34, 40), (40, 38), (38, 33)]
[(181, 182), (182, 204), (204, 203), (203, 181)]
[(374, 373), (373, 386), (386, 385), (385, 374)]
[(354, 331), (331, 332), (332, 358), (358, 354)]
[(369, 353), (353, 352), (352, 367), (367, 369)]
[(121, 110), (110, 111), (111, 122), (122, 121)]
[(249, 252), (252, 261), (261, 247), (247, 249)]
[(289, 310), (310, 278), (278, 277), (277, 289)]
[(279, 319), (319, 324), (324, 223), (223, 279)]
[(91, 89), (89, 378), (378, 380), (380, 91)]
[(250, 251), (251, 255), (255, 259), (259, 250)]
[(76, 77), (77, 316), (316, 314), (314, 76)]
[(212, 179), (179, 135), (135, 146), (146, 212)]
[(140, 142), (142, 139), (139, 138), (138, 140)]
[(292, 291), (291, 280), (280, 281), (281, 292)]
[(165, 270), (270, 266), (266, 163), (163, 165)]
[(318, 156), (156, 155), (155, 167), (167, 318)]
[(167, 169), (169, 317), (317, 318), (318, 167)]
[(5, 110), (110, 121), (121, 6), (6, 5)]
[(184, 185), (185, 213), (213, 211), (211, 184)]
[(210, 208), (208, 205), (205, 206), (206, 210)]
[(69, 84), (84, 83), (83, 67), (67, 69)]
[(9, 8), (8, 360), (360, 361), (361, 9)]
[(233, 234), (234, 303), (303, 283), (283, 233)]
[(39, 37), (37, 33), (33, 38), (38, 39)]
[(232, 272), (272, 271), (271, 231), (231, 232)]
[(50, 59), (59, 58), (58, 49), (49, 50)]
[(297, 282), (282, 283), (283, 303), (303, 297)]
[(83, 81), (81, 66), (66, 67), (67, 83)]
[(137, 141), (141, 140), (140, 138), (138, 137)]
[(254, 239), (239, 160), (160, 162), (162, 254)]
[(264, 263), (263, 262), (262, 256), (256, 258), (258, 264)]
[(337, 331), (331, 354), (354, 355), (355, 356), (356, 337)]
[(321, 290), (290, 301), (301, 340), (340, 322), (322, 321)]
[(347, 345), (345, 323), (323, 327), (327, 328), (328, 347)]
[(141, 145), (145, 144), (144, 142), (142, 140), (140, 141)]
[(158, 172), (172, 221), (221, 220), (220, 159), (159, 158)]
[(327, 224), (224, 235), (235, 329), (329, 328), (328, 327)]
[(304, 309), (309, 307), (307, 298), (298, 299), (299, 304)]
[(371, 54), (54, 52), (52, 56), (56, 370), (370, 371)]
[(84, 69), (69, 60), (60, 61), (61, 85), (85, 84)]
[(357, 68), (68, 101), (101, 113), (113, 368), (368, 357)]
[(198, 199), (199, 202), (202, 180), (180, 178), (178, 198)]
[(197, 218), (218, 219), (219, 194), (194, 192), (192, 197)]
[(217, 188), (188, 187), (187, 214), (214, 215), (215, 217)]
[(156, 80), (80, 73), (73, 148), (148, 155), (155, 156)]
[(70, 82), (82, 377), (377, 382), (382, 71), (71, 70)]
[(346, 335), (335, 379), (379, 2), (2, 13), (13, 346)]
[(88, 62), (62, 63), (63, 93), (93, 92), (92, 88)]
[(211, 210), (210, 206), (206, 183), (183, 184), (184, 211)]
[(242, 249), (249, 247), (247, 248), (248, 243), (243, 242)]
[(319, 279), (279, 290), (290, 321), (321, 320), (320, 319)]
[(314, 316), (316, 315), (315, 311), (311, 313), (313, 314)]
[(41, 45), (45, 36), (36, 37), (37, 39), (39, 41)]
[(323, 345), (345, 342), (342, 343), (343, 325), (325, 323)]
[(152, 154), (154, 21), (21, 20), (20, 209), (209, 152)]
[(383, 384), (384, 387), (387, 100), (100, 95), (95, 383)]
[(74, 171), (171, 170), (170, 18), (18, 26), (26, 74)]
[(218, 23), (23, 25), (25, 193), (193, 219), (219, 218)]
[(1, 112), (112, 223), (223, 324), (324, 0), (0, 1)]
[(259, 255), (255, 256), (256, 262), (262, 260), (260, 259)]
[(114, 115), (115, 132), (132, 128), (128, 123), (123, 114)]
[(241, 240), (240, 245), (245, 311), (311, 315), (315, 241)]
[(23, 218), (218, 197), (197, 196), (196, 22), (22, 23)]
[(318, 317), (317, 78), (78, 80), (80, 156), (156, 318)]
[(295, 293), (293, 302), (302, 300), (300, 308), (308, 295)]
[(189, 191), (191, 198), (198, 178), (178, 176), (176, 189)]
[(57, 46), (46, 13), (13, 2), (2, 24), (24, 57)]
[(387, 388), (388, 96), (96, 94), (94, 100), (100, 387)]
[(65, 66), (66, 81), (81, 82), (82, 70), (70, 65)]
[(76, 314), (314, 313), (313, 230), (230, 75), (75, 76)]
[(179, 212), (212, 246), (246, 235), (235, 224), (224, 201), (201, 179)]
[(116, 118), (118, 105), (105, 104), (104, 129), (129, 133), (133, 116)]
[(243, 244), (244, 245), (245, 240), (240, 236), (236, 242), (242, 243)]
[(371, 372), (372, 375), (375, 31), (31, 30), (30, 54), (54, 371)]
[(36, 29), (29, 27), (27, 34), (34, 33), (33, 37), (37, 36)]
[(207, 205), (205, 208), (208, 153), (153, 152), (152, 209), (209, 207)]
[(124, 168), (168, 112), (112, 1), (1, 368), (368, 113), (113, 124)]
[(58, 59), (59, 51), (51, 364), (364, 366), (366, 55), (55, 58)]
[(157, 146), (146, 135), (135, 124), (124, 113), (113, 101), (101, 157)]
[(305, 228), (228, 227), (227, 306), (306, 309), (309, 304), (304, 305)]
[(179, 201), (201, 190), (190, 168), (168, 124), (124, 135), (135, 179)]
[(186, 216), (216, 215), (215, 214), (214, 213), (213, 185), (185, 186)]
[(205, 207), (207, 204), (204, 182), (182, 183), (183, 206), (206, 205)]
[(362, 363), (363, 47), (47, 44), (44, 42), (42, 14), (14, 362)]
[(199, 198), (198, 191), (191, 174), (174, 177), (177, 200), (200, 199)]
[(291, 285), (285, 284), (284, 275), (275, 274), (274, 280), (280, 291)]
[(132, 117), (117, 116), (116, 133), (133, 130), (130, 128), (128, 132)]
[(335, 346), (346, 357), (357, 368), (368, 1), (1, 0), (0, 335)]
[(38, 40), (40, 28), (28, 10), (10, 11), (11, 41), (41, 39), (39, 38)]
[(342, 330), (330, 257), (257, 268), (268, 312), (312, 344), (344, 343), (343, 342)]
[(12, 42), (42, 44), (44, 43), (43, 45), (45, 41), (41, 11), (11, 12)]
[(271, 267), (267, 265), (265, 270), (270, 165), (165, 164), (164, 231), (231, 271)]
[(229, 288), (288, 286), (286, 296), (296, 295), (295, 308), (308, 226), (226, 229)]
[(355, 354), (354, 358), (358, 359), (359, 360), (360, 8), (8, 7), (7, 355)]
[(114, 123), (123, 126), (126, 127), (127, 125), (125, 122), (122, 111), (111, 114)]
[(170, 171), (171, 173), (173, 172), (172, 158), (158, 149), (149, 150), (150, 170)]
[(261, 253), (253, 250), (250, 259), (259, 260), (260, 248), (248, 247), (247, 261)]
[(92, 93), (93, 64), (64, 376), (376, 378), (378, 89), (89, 87), (87, 92)]
[(346, 13), (13, 46), (46, 90), (90, 79), (79, 68), (68, 357), (357, 346)]
[(307, 306), (306, 227), (227, 226), (226, 308), (308, 300), (300, 298), (298, 307)]
[(197, 192), (192, 189), (189, 176), (176, 175), (175, 195), (195, 196), (196, 197)]
[(349, 348), (348, 334), (334, 330), (330, 342), (342, 345), (345, 347), (347, 349)]
[(53, 48), (48, 55), (55, 366), (366, 365), (365, 370), (370, 56), (56, 53)]
[(25, 19), (19, 174), (174, 191), (191, 189), (189, 192), (192, 194), (194, 193), (193, 25)]
[(249, 242), (242, 236), (236, 237), (237, 251), (251, 250), (250, 253), (253, 252), (252, 249)]
[(232, 231), (231, 164), (164, 159), (159, 220), (220, 222), (222, 234), (234, 233), (233, 232)]
[(222, 225), (225, 305), (305, 304), (304, 299), (299, 297), (297, 303), (303, 234), (234, 222)]
[(28, 27), (27, 29), (29, 30), (30, 31), (31, 32), (32, 15), (15, 10), (10, 28)]
[(166, 241), (241, 315), (315, 316), (316, 77), (77, 78), (78, 317), (317, 169), (169, 166)]
[(241, 166), (166, 160), (160, 239), (239, 238), (238, 237), (237, 236), (236, 240), (240, 241)]
[(286, 288), (288, 289), (289, 277), (277, 273), (273, 284), (284, 285), (285, 287), (287, 286)]
[(195, 203), (203, 204), (204, 207), (207, 209), (209, 20), (20, 22), (22, 196), (196, 195)]
[(147, 99), (99, 98), (98, 109), (109, 157), (157, 101), (101, 68), (68, 79), (79, 147)]
[(274, 272), (272, 232), (232, 233), (233, 283), (283, 282), (282, 281), (281, 280), (280, 274)]
[(60, 69), (69, 67), (67, 66), (66, 65), (65, 16), (16, 15), (15, 32), (32, 60)]
[(87, 89), (89, 91), (91, 86), (86, 85), (85, 61), (61, 62), (62, 88), (88, 87)]
[(352, 353), (353, 350), (350, 349), (349, 347), (347, 328), (328, 329), (329, 351), (351, 352)]
[(103, 3), (3, 6), (6, 121), (121, 122), (122, 125), (125, 134), (134, 131), (131, 103)]
[(82, 81), (81, 83), (83, 84), (84, 85), (85, 86), (86, 381), (381, 377), (377, 82)]
[(147, 79), (79, 90), (90, 57), (57, 24), (24, 35), (35, 341), (341, 339), (339, 147)]
[(104, 103), (103, 131), (131, 126), (126, 123), (123, 128), (128, 130), (130, 129), (129, 104)]
[(214, 187), (187, 151), (151, 153), (153, 208), (208, 210), (210, 211), (211, 213), (213, 214)]
[(294, 293), (293, 295), (295, 296), (296, 287), (287, 285), (285, 291), (291, 292), (292, 294)]
[(264, 258), (258, 161), (161, 163), (163, 266), (266, 265), (265, 267), (267, 269), (269, 264)]
[(370, 365), (365, 348), (348, 349), (349, 350), (350, 369), (369, 367), (367, 372), (372, 371), (371, 370)]
[(299, 298), (298, 300), (300, 302), (302, 294), (294, 292), (292, 281), (281, 282), (282, 297), (297, 299)]
[(139, 246), (246, 212), (212, 146), (146, 157), (157, 109), (109, 107), (107, 137), (137, 138), (138, 139)]
[(325, 326), (326, 312), (312, 268), (268, 190), (190, 201), (201, 224), (224, 327), (327, 323), (323, 325)]
[(268, 257), (257, 301), (301, 290), (290, 279), (279, 223), (223, 112), (112, 168), (168, 190), (190, 268)]
[(32, 31), (31, 375), (375, 376), (376, 64), (64, 63), (63, 62), (62, 61), (61, 60), (60, 32)]
[(255, 251), (251, 237), (237, 238), (238, 254), (254, 162), (162, 161), (161, 258), (258, 256), (256, 255)]
[(387, 384), (384, 374), (374, 385), (385, 4), (4, 5), (5, 6), (6, 3), (3, 389), (389, 388), (388, 387)]
[(386, 373), (373, 351), (351, 329), (329, 235), (235, 246), (246, 139), (139, 142), (142, 144), (144, 143), (143, 386)]
[(245, 244), (244, 276), (276, 310), (310, 289), (289, 288), (288, 229), (229, 230), (230, 313), (313, 311), (311, 245)]
[(340, 341), (341, 35), (35, 379), (379, 335), (335, 0), (0, 324), (324, 319), (319, 320), (320, 322), (322, 340)]
[(359, 333), (333, 334), (334, 348), (348, 365), (365, 366), (366, 364), (364, 363), (363, 362), (362, 361), (361, 360), (360, 359)]
[(107, 108), (108, 136), (136, 120), (120, 4), (4, 385), (385, 386), (386, 143), (143, 145), (145, 141), (141, 137), (137, 107)]
[(108, 107), (107, 109), (109, 98), (98, 97), (97, 389), (389, 3), (3, 103), (103, 104), (104, 105), (105, 102), (102, 106), (106, 108)]
[(173, 171), (171, 74), (74, 75), (75, 230), (230, 229), (229, 226), (226, 227), (227, 228), (228, 225), (225, 222), (222, 220), (220, 221), (221, 173)]
[(73, 72), (72, 7), (7, 8), (8, 9), (9, 17), (17, 154), (154, 152), (152, 153), (153, 151), (151, 150), (150, 149), (149, 148), (148, 73)]
[(77, 76), (76, 75), (75, 74), (74, 26), (26, 16), (16, 65), (65, 70), (70, 71), (71, 72), (72, 73), (73, 80), (80, 78), (78, 77)]
[(111, 110), (110, 5), (5, 4), (4, 120), (120, 119), (119, 106), (106, 102), (102, 118), (118, 116), (116, 117), (117, 115), (115, 114), (114, 111)]
[(333, 332), (332, 331), (331, 337), (337, 336), (336, 338), (338, 339), (339, 341), (341, 340), (340, 301), (301, 257), (257, 330), (330, 334), (334, 333)]
[(162, 160), (160, 166), (166, 169), (169, 167), (167, 155), (155, 148), (148, 149), (149, 158), (158, 159), (159, 164), (164, 165), (165, 163), (163, 161), (161, 162)]
[(382, 377), (377, 381), (381, 380), (380, 378), (378, 376), (376, 375), (375, 372), (372, 367), (367, 352), (352, 351), (351, 373), (373, 374), (374, 384), (384, 383), (383, 382)]
[(99, 338), (338, 336), (336, 356), (356, 355), (355, 7), (7, 72), (72, 71), (71, 382), (382, 383), (383, 95), (95, 94), (94, 96), (96, 97), (97, 98), (98, 99)]
[(364, 51), (51, 50), (50, 49), (49, 48), (48, 53), (53, 52), (52, 54), (54, 30), (30, 29), (29, 36), (36, 45), (45, 43), (43, 47), (47, 363), (363, 364)]
[(274, 275), (275, 273), (273, 277), (277, 278), (278, 276), (276, 244), (244, 243), (243, 248), (248, 260), (260, 262), (262, 263), (263, 269), (269, 267), (267, 271), (271, 272), (272, 274)]
[(18, 19), (19, 25), (25, 23), (23, 22), (22, 20), (20, 21), (21, 17), (17, 9), (9, 361), (361, 362), (362, 14), (14, 12), (12, 11), (11, 10), (10, 15), (15, 16), (16, 26), (26, 18)]
[(19, 18), (18, 170), (170, 150), (150, 151), (151, 187), (187, 188), (188, 186), (186, 185), (185, 184), (184, 183), (183, 182), (182, 181), (181, 175), (175, 176), (176, 178), (178, 180), (180, 177), (177, 174), (174, 19)]
