[(335, 380), (380, 357), (357, 335)]
[(395, 370), (370, 368), (368, 395)]
[(108, 105), (105, 121), (121, 108)]
[(56, 58), (58, 50), (50, 56)]
[(151, 96), (96, 94), (94, 151)]
[(406, 409), (409, 426), (426, 406)]
[(369, 411), (411, 372), (372, 369)]
[(322, 319), (319, 331), (331, 322)]
[(101, 79), (79, 57), (57, 101)]
[(205, 203), (203, 206), (206, 205)]
[(164, 161), (161, 159), (159, 164)]
[(358, 353), (353, 352), (352, 358)]
[(251, 250), (250, 259), (259, 251)]
[(12, 7), (7, 5), (5, 12)]
[(55, 54), (54, 180), (180, 55)]
[(222, 244), (244, 226), (226, 222)]
[(393, 390), (390, 389), (389, 393)]
[(65, 63), (63, 72), (72, 65)]
[(81, 355), (355, 83), (83, 81)]
[(325, 303), (303, 300), (300, 325)]
[(149, 156), (156, 150), (150, 149)]
[(429, 424), (424, 420), (420, 429)]
[(144, 280), (280, 145), (145, 144)]
[(366, 364), (364, 367), (367, 366)]
[(249, 248), (248, 255), (255, 249)]
[(143, 217), (217, 147), (147, 143)]
[(387, 20), (20, 388), (388, 387)]
[(293, 282), (282, 281), (281, 293)]
[(323, 376), (376, 377), (377, 323)]
[(229, 228), (228, 237), (237, 229)]
[(311, 341), (341, 314), (314, 311)]
[(44, 48), (48, 49), (49, 44)]
[(127, 126), (126, 130), (130, 127)]
[(117, 110), (110, 118), (118, 117)]
[(413, 412), (412, 416), (416, 413)]
[(133, 132), (132, 131), (131, 133)]
[(67, 348), (348, 70), (70, 67)]
[(191, 188), (188, 204), (204, 191)]
[(332, 309), (309, 307), (307, 332)]
[(202, 200), (200, 199), (199, 202)]
[(257, 290), (290, 312), (312, 268), (268, 257)]
[(200, 202), (202, 178), (178, 175), (175, 200)]
[(26, 362), (362, 28), (28, 25), (25, 26)]
[(140, 214), (214, 215), (215, 141), (141, 140)]
[(324, 306), (306, 305), (305, 329), (329, 324)]
[(373, 371), (371, 415), (415, 417), (417, 373)]
[(195, 194), (194, 261), (261, 262), (262, 195)]
[(396, 398), (398, 3), (3, 407), (407, 396)]
[(428, 423), (423, 424), (424, 429), (429, 428)]
[(99, 103), (103, 102), (102, 100), (100, 99)]
[(330, 321), (321, 322), (322, 331), (331, 330)]
[(232, 231), (231, 240), (240, 243), (243, 232)]
[(133, 116), (116, 114), (114, 132), (132, 133)]
[(266, 264), (264, 256), (256, 254), (254, 266)]
[(294, 274), (274, 273), (273, 289), (289, 294)]
[(181, 182), (182, 187), (187, 185), (185, 181)]
[(245, 264), (264, 266), (266, 247), (247, 245)]
[(361, 345), (345, 344), (344, 360), (360, 361)]
[(392, 15), (15, 401), (401, 391), (391, 392)]
[(423, 428), (428, 427), (427, 422), (422, 423)]
[(31, 350), (350, 349), (349, 29), (29, 31)]
[(1, 0), (0, 397), (397, 90), (90, 1)]
[(130, 123), (123, 122), (122, 127), (127, 130)]
[(197, 176), (176, 177), (177, 198), (198, 197)]
[(358, 352), (352, 351), (351, 356), (356, 358)]
[(349, 33), (33, 30), (30, 29), (29, 349)]
[(280, 144), (144, 142), (142, 278), (278, 280)]
[(38, 37), (37, 78), (78, 66), (66, 38)]
[(10, 8), (8, 9), (9, 11), (11, 10)]
[(76, 77), (77, 287), (287, 277), (277, 76)]
[(296, 275), (275, 274), (274, 294), (294, 296)]
[(243, 221), (221, 219), (219, 232), (232, 243)]
[(427, 425), (425, 421), (421, 422), (422, 427)]
[(201, 190), (190, 23), (23, 383), (383, 201)]
[(330, 328), (328, 320), (320, 321), (321, 330)]
[(184, 183), (183, 186), (186, 196), (196, 184)]
[(236, 267), (267, 265), (265, 234), (234, 236)]
[(340, 339), (339, 337), (337, 338), (338, 340)]
[(148, 95), (95, 96), (96, 151), (151, 148)]
[(235, 146), (146, 157), (157, 246), (246, 235)]
[(315, 283), (283, 285), (285, 316), (316, 315)]
[(69, 70), (70, 348), (348, 80), (80, 69)]
[(238, 230), (230, 233), (233, 239), (239, 238)]
[(135, 146), (146, 235), (235, 224), (224, 135)]
[(97, 73), (73, 71), (71, 87), (87, 97)]
[(174, 176), (176, 197), (197, 196), (196, 186), (186, 174)]
[(332, 333), (333, 336), (336, 308), (308, 309), (309, 332)]
[(296, 294), (294, 289), (289, 291), (291, 295), (295, 296)]
[(88, 86), (86, 98), (98, 100), (100, 102), (102, 88)]
[(162, 160), (160, 165), (165, 166), (166, 169), (169, 162)]
[(84, 359), (359, 360), (360, 344), (344, 85), (85, 84)]
[(241, 220), (220, 221), (221, 243), (243, 240), (240, 241)]
[(270, 271), (271, 269), (269, 210), (210, 211), (211, 270)]
[(107, 108), (108, 121), (121, 120), (120, 128), (128, 107)]
[(308, 336), (336, 338), (338, 337), (337, 310), (310, 308)]
[(151, 94), (94, 93), (93, 134), (134, 148), (148, 151)]
[(283, 315), (315, 317), (317, 299), (299, 284), (284, 283)]
[(229, 218), (218, 208), (208, 209), (209, 228), (228, 229)]
[(412, 414), (414, 417), (417, 415), (415, 416), (416, 412)]
[(177, 178), (178, 202), (202, 199), (199, 198), (198, 177)]
[(66, 78), (78, 80), (80, 348), (348, 67), (67, 66)]
[(135, 224), (224, 212), (212, 2), (2, 419), (419, 135)]
[(381, 382), (382, 16), (16, 15), (15, 392), (392, 381)]
[(327, 318), (318, 324), (324, 329), (329, 326), (326, 327)]
[(160, 161), (161, 164), (164, 163), (163, 165), (165, 160)]
[(247, 266), (266, 254), (254, 255), (255, 248), (248, 247)]
[(311, 310), (310, 337), (337, 339), (339, 341), (341, 311)]
[(260, 258), (258, 259), (259, 250), (250, 252), (252, 260)]
[(68, 57), (57, 79), (79, 24), (24, 35), (35, 68)]
[(149, 137), (137, 136), (136, 152), (152, 156), (156, 149)]
[(278, 142), (142, 141), (141, 215), (215, 216), (216, 278)]
[(408, 13), (13, 124), (124, 113), (113, 46), (46, 408)]
[(291, 292), (292, 297), (297, 298), (298, 295), (295, 291)]
[(9, 8), (8, 4), (4, 399), (399, 400), (400, 9)]
[(4, 8), (8, 10), (10, 12), (12, 5), (5, 4)]
[(194, 193), (193, 258), (258, 260), (260, 261), (261, 194)]
[(408, 46), (46, 35), (35, 24), (24, 386), (386, 408)]
[(241, 242), (242, 244), (244, 222), (222, 220), (220, 241)]
[(118, 104), (104, 92), (92, 91), (91, 117), (117, 118)]
[(246, 157), (157, 168), (168, 301), (301, 290), (290, 257), (257, 246)]
[(98, 97), (97, 87), (87, 89), (89, 99), (99, 100), (100, 98)]
[(390, 393), (393, 346), (346, 357), (357, 380), (380, 379), (379, 390)]
[(412, 413), (413, 410), (410, 402), (402, 403), (403, 414), (414, 412)]
[(7, 12), (12, 10), (10, 11), (11, 14), (14, 6), (6, 7)]
[(262, 261), (261, 260), (260, 252), (252, 253), (253, 263), (263, 262)]
[(133, 131), (131, 129), (129, 125), (125, 115), (115, 116), (116, 133)]
[(27, 384), (384, 383), (383, 23), (23, 25), (25, 28), (28, 27)]
[(35, 46), (46, 113), (113, 223), (223, 112), (112, 68), (68, 35)]
[(305, 302), (302, 303), (303, 325), (325, 326), (326, 329), (329, 305)]
[(331, 319), (319, 318), (318, 327), (327, 328), (328, 330), (330, 331)]
[(356, 351), (351, 354), (354, 82), (82, 83), (83, 355), (355, 356)]
[(43, 42), (42, 41), (41, 22), (22, 21), (21, 36), (36, 43)]
[(418, 421), (421, 425), (425, 404), (404, 406), (406, 426), (426, 418)]
[(339, 340), (340, 342), (342, 313), (313, 314), (314, 341), (341, 339)]
[(205, 206), (206, 207), (207, 189), (189, 191), (191, 204), (204, 205)]
[(24, 79), (79, 101), (101, 90), (90, 397), (397, 386), (386, 24)]
[(167, 166), (166, 165), (165, 163), (163, 154), (154, 155), (155, 167)]
[(101, 57), (57, 68), (68, 112), (112, 1), (1, 90), (90, 101)]
[(136, 138), (138, 155), (155, 154), (154, 153), (153, 152), (152, 136)]
[(45, 48), (48, 44), (44, 41), (41, 42), (42, 47), (47, 45)]
[(163, 164), (164, 159), (159, 158), (158, 153), (153, 154), (154, 163)]
[(114, 109), (109, 106), (106, 129), (129, 131), (131, 132), (132, 114)]
[(170, 171), (171, 53), (53, 52), (52, 162), (162, 169), (169, 170)]
[(278, 216), (216, 217), (217, 143), (143, 145), (145, 280), (280, 278)]
[(126, 128), (128, 120), (120, 119), (119, 123), (123, 130), (130, 126)]
[(122, 123), (123, 119), (119, 111), (111, 115), (115, 125), (125, 122)]
[(230, 238), (238, 242), (242, 241), (241, 240), (240, 231), (231, 230)]
[(182, 181), (181, 170), (170, 169), (169, 166), (166, 167), (167, 182)]
[(112, 223), (223, 375), (375, 334), (334, 0), (0, 1), (1, 112)]
[(193, 192), (192, 227), (227, 251), (251, 259), (259, 258), (258, 193)]
[(381, 392), (392, 391), (391, 389), (389, 390), (390, 379), (379, 378), (378, 381)]
[(288, 287), (287, 77), (77, 85), (85, 344), (344, 345), (345, 347), (347, 288)]
[(246, 257), (257, 268), (268, 279), (279, 212), (212, 224), (224, 235), (235, 246)]
[(275, 270), (270, 211), (211, 213), (213, 272), (272, 273), (273, 274), (274, 275)]
[(33, 34), (34, 19), (19, 20), (20, 387), (387, 385), (385, 30), (30, 33)]
[(150, 156), (156, 152), (152, 153), (153, 158), (158, 62), (62, 61), (61, 150)]
[(4, 5), (5, 7), (7, 6), (6, 3), (3, 398), (398, 399), (399, 4)]
[(365, 347), (347, 345), (345, 361), (361, 363), (363, 364), (364, 366), (366, 365)]
[(371, 372), (372, 411), (411, 410), (410, 413), (413, 416), (416, 415), (415, 371)]
[(168, 179), (179, 378), (378, 379), (379, 380), (380, 335), (335, 301), (301, 168)]
[(72, 73), (73, 97), (97, 98), (98, 86), (86, 64), (64, 65), (65, 72)]
[(32, 31), (31, 29), (29, 30), (30, 385), (385, 384), (384, 27), (27, 32)]
[(333, 332), (332, 307), (307, 304), (304, 316), (316, 285), (285, 286), (286, 333)]
[(427, 428), (428, 429), (429, 420), (420, 405), (405, 404), (404, 425), (425, 427)]
[(411, 369), (369, 370), (370, 395), (395, 394), (394, 402), (402, 410), (410, 411)]
[(267, 236), (236, 237), (237, 228), (228, 209), (209, 210), (210, 269), (269, 267)]
[(350, 31), (31, 32), (32, 359), (359, 84), (84, 82), (82, 354), (354, 350)]
[(181, 185), (185, 183), (183, 184), (184, 172), (172, 171), (171, 170), (170, 181)]
[(355, 81), (81, 40), (40, 39), (39, 353), (353, 358), (358, 356), (356, 355)]
[(282, 293), (293, 292), (292, 291), (291, 289), (289, 273), (273, 272), (272, 276), (276, 282)]
[(320, 328), (328, 327), (327, 326), (326, 325), (325, 300), (300, 299), (299, 317), (317, 320)]
[(367, 279), (279, 268), (268, 312), (312, 323), (323, 377), (377, 365), (365, 366), (366, 367)]
[(148, 134), (134, 137), (137, 149), (149, 150), (150, 61), (61, 60), (60, 95), (95, 148)]
[(276, 272), (272, 213), (213, 214), (214, 140), (140, 75), (75, 76), (76, 277), (277, 276)]
[(119, 120), (120, 121), (121, 105), (105, 104), (104, 118), (118, 110), (110, 111), (111, 119)]
[(60, 61), (61, 62), (62, 51), (51, 47), (47, 42), (42, 43), (43, 59), (59, 60)]
[(198, 199), (199, 200), (200, 175), (175, 172), (172, 184), (184, 196), (196, 197), (197, 198)]
[(160, 162), (162, 52), (52, 51), (51, 62), (62, 158), (158, 159), (159, 161), (161, 160)]
[(382, 388), (388, 20), (20, 19), (19, 21), (21, 22), (22, 17), (17, 16), (16, 382)]
[(223, 113), (113, 124), (124, 26), (26, 25), (25, 23), (23, 190), (190, 375), (375, 223)]
[(27, 28), (28, 362), (362, 363), (363, 361), (361, 360), (360, 359), (359, 32), (32, 27)]
[(13, 408), (408, 386), (386, 397), (397, 0), (0, 334), (334, 419), (419, 2), (2, 13)]
[(125, 129), (129, 106), (106, 107), (107, 128), (128, 126), (126, 127), (127, 122), (122, 125)]
[(21, 19), (19, 34), (34, 39), (39, 40), (40, 37), (37, 38), (38, 36), (36, 21)]
[(297, 292), (292, 293), (293, 281), (281, 284), (284, 299), (299, 300), (300, 303), (303, 302), (302, 297)]
[(264, 245), (245, 239), (239, 233), (233, 234), (234, 265), (265, 263), (263, 253), (253, 256), (256, 264)]
[(55, 56), (56, 50), (50, 45), (45, 47), (47, 51), (51, 52), (52, 53), (53, 54), (54, 55)]
[(275, 296), (296, 295), (295, 298), (298, 313), (313, 342), (342, 343), (343, 271), (271, 270), (270, 275)]
[(409, 406), (406, 404), (404, 405), (405, 403), (403, 402), (402, 394), (394, 396), (396, 407), (407, 409)]
[(352, 353), (353, 39), (39, 34), (34, 33), (33, 349), (349, 350), (350, 354), (354, 351), (351, 352)]
[(17, 18), (18, 14), (14, 11), (11, 9), (9, 400), (400, 401), (401, 15), (15, 16), (16, 17)]
[(254, 256), (256, 253), (253, 252), (252, 250), (250, 251), (251, 227), (227, 225), (225, 249), (249, 255), (255, 254)]
[(201, 179), (179, 168), (168, 157), (157, 146), (146, 135), (135, 419), (419, 334), (334, 375), (375, 190), (190, 201)]
[(378, 179), (179, 201), (201, 383), (383, 384), (384, 385), (385, 387), (387, 388), (388, 382), (382, 381), (381, 378)]
[(167, 155), (155, 138), (138, 139), (139, 203), (203, 205), (205, 204), (204, 188), (188, 187), (187, 182), (182, 167)]
[(124, 13), (13, 2), (2, 212), (212, 279), (279, 367), (367, 364), (364, 363), (363, 362), (362, 26), (26, 124)]
[(109, 103), (103, 99), (99, 89), (89, 92), (92, 104), (104, 105), (105, 108), (108, 107), (107, 106), (106, 109)]
[(245, 247), (247, 248), (248, 249), (249, 225), (225, 226), (226, 244), (244, 242), (242, 238), (238, 239), (239, 245)]
[(234, 233), (233, 230), (230, 231), (231, 232), (232, 219), (219, 218), (218, 229), (229, 237), (237, 236), (236, 234)]
[(320, 317), (317, 315), (315, 316), (316, 304), (304, 306), (306, 324), (324, 318), (318, 319), (319, 322), (322, 321), (321, 320)]
[(110, 117), (117, 91), (91, 88), (88, 102), (102, 103), (103, 109), (109, 114), (114, 116), (116, 115), (115, 111), (111, 110)]
[(173, 180), (180, 54), (54, 53), (53, 171), (171, 172), (172, 175), (175, 178), (178, 177), (177, 176), (176, 174), (174, 173)]
[(43, 36), (36, 38), (38, 66), (66, 67), (67, 70), (70, 69), (69, 63), (63, 65), (65, 64), (64, 59), (59, 43)]
[(422, 421), (421, 418), (418, 374), (374, 373), (373, 417), (417, 414), (414, 403), (403, 405), (405, 420), (420, 424), (424, 423), (423, 422)]
[(396, 394), (394, 395), (395, 368), (368, 346), (346, 393), (393, 389), (389, 391), (391, 401), (401, 400), (400, 399), (399, 398), (398, 396)]
[(333, 286), (286, 49), (49, 48), (48, 45), (45, 50), (50, 58), (58, 343), (343, 342), (342, 340), (340, 338), (338, 336), (336, 333)]
[(221, 220), (220, 222), (222, 226), (226, 225), (225, 227), (227, 192), (192, 189), (189, 207), (207, 208), (208, 218), (218, 219), (219, 221)]
[(173, 195), (195, 262), (262, 263), (263, 265), (265, 267), (267, 269), (269, 271), (271, 343), (343, 58), (58, 56), (56, 55), (55, 180), (180, 173)]
[(191, 189), (189, 192), (192, 193), (193, 194), (194, 195), (195, 173), (173, 174), (174, 186), (186, 183), (183, 185), (185, 187), (187, 188), (188, 191)]
[(308, 310), (310, 311), (311, 314), (314, 313), (313, 298), (298, 297), (297, 302), (302, 305), (305, 306), (306, 304), (304, 307), (307, 309), (309, 308)]
[(376, 374), (374, 418), (418, 426), (426, 409), (409, 407), (407, 3), (3, 6), (6, 14), (14, 18), (18, 288), (288, 347), (347, 365), (365, 377), (377, 376)]
[(211, 210), (210, 209), (209, 208), (208, 207), (207, 206), (206, 203), (203, 139), (139, 147), (147, 217), (217, 216), (216, 215), (215, 214), (214, 213), (213, 211)]
[(144, 145), (145, 143), (143, 147), (147, 139), (139, 138), (138, 136), (136, 137), (137, 134), (134, 93), (93, 74), (74, 75), (75, 140), (140, 141), (141, 142), (142, 144)]
[(71, 74), (74, 93), (93, 94), (94, 96), (96, 95), (95, 60), (60, 59), (59, 64), (64, 86), (86, 88), (88, 91), (91, 92), (92, 89), (89, 87), (87, 71)]
[(376, 323), (323, 312), (312, 290), (290, 301), (301, 335), (335, 357), (357, 346), (346, 368), (368, 370), (370, 369), (369, 372), (372, 371), (371, 373), (373, 374), (374, 376)]
[(281, 282), (282, 276), (276, 277), (277, 287), (287, 288), (288, 18), (18, 17), (17, 22), (22, 41), (41, 44), (44, 49), (49, 286), (286, 285), (285, 283), (283, 284), (284, 281)]
[(73, 72), (72, 63), (63, 69), (69, 80), (80, 78), (78, 37), (37, 40), (40, 81), (81, 83), (83, 82), (82, 84), (84, 85), (85, 77), (77, 76), (76, 75), (75, 74), (74, 71), (71, 73)]
