[(257, 290), (290, 279), (279, 257)]
[(246, 157), (157, 146), (146, 246)]
[(84, 95), (95, 85), (85, 84)]
[(179, 224), (224, 190), (190, 179)]
[(498, 500), (500, 499), (499, 498)]
[(228, 221), (221, 220), (220, 228)]
[(322, 310), (310, 308), (308, 322)]
[(304, 280), (280, 277), (277, 304)]
[(333, 331), (331, 347), (347, 333)]
[(105, 126), (126, 108), (108, 105)]
[(293, 292), (292, 297), (297, 293)]
[(554, 545), (545, 544), (544, 554)]
[(73, 72), (72, 77), (77, 73)]
[(392, 384), (384, 383), (383, 392)]
[(153, 160), (160, 155), (155, 153)]
[(416, 415), (415, 420), (420, 416)]
[(482, 492), (492, 483), (483, 482)]
[(195, 219), (219, 196), (196, 195)]
[(507, 506), (506, 509), (509, 507)]
[(532, 511), (511, 490), (490, 532)]
[(145, 142), (142, 154), (154, 145)]
[(223, 112), (112, 68), (68, 223)]
[(346, 423), (423, 357), (357, 346)]
[(327, 328), (328, 321), (321, 327)]
[(34, 200), (200, 37), (37, 34)]
[(197, 194), (194, 218), (218, 197)]
[(120, 152), (152, 121), (121, 120)]
[(484, 487), (487, 485), (485, 484)]
[(455, 448), (448, 447), (447, 455)]
[(181, 185), (185, 182), (182, 181)]
[(527, 501), (501, 479), (479, 527)]
[(486, 461), (461, 460), (460, 486)]
[(329, 295), (295, 294), (294, 329)]
[(315, 314), (314, 325), (325, 315)]
[(38, 41), (41, 40), (40, 38)]
[(276, 300), (300, 278), (278, 276)]
[(158, 156), (156, 161), (161, 158)]
[(186, 184), (184, 187), (187, 186)]
[(344, 253), (253, 251), (251, 344)]
[(174, 173), (173, 175), (175, 174)]
[(188, 36), (36, 33), (33, 188)]
[(464, 462), (462, 489), (489, 464)]
[(82, 94), (94, 83), (83, 82)]
[(26, 25), (25, 348), (348, 26)]
[(524, 373), (373, 526), (526, 524)]
[(29, 39), (39, 31), (31, 29)]
[(151, 150), (150, 162), (162, 151)]
[(217, 204), (204, 202), (202, 217)]
[(393, 399), (399, 394), (394, 393)]
[(4, 3), (3, 382), (382, 4)]
[(248, 245), (245, 338), (338, 248)]
[(104, 109), (109, 111), (111, 110), (110, 104)]
[(274, 286), (286, 285), (285, 273), (273, 274)]
[(343, 339), (339, 21), (21, 20), (20, 343)]
[(375, 381), (381, 377), (377, 376), (376, 375)]
[(351, 313), (313, 311), (311, 337), (337, 351)]
[(529, 530), (530, 371), (371, 534), (534, 529)]
[(49, 47), (47, 66), (66, 67), (67, 49)]
[(148, 152), (152, 120), (120, 117), (117, 148)]
[(360, 364), (364, 442), (442, 435), (435, 360)]
[(266, 285), (285, 286), (286, 267), (267, 266)]
[(371, 370), (370, 535), (535, 534), (534, 371)]
[(497, 494), (494, 474), (474, 472), (472, 497)]
[(321, 328), (328, 320), (320, 319), (319, 321)]
[(261, 231), (231, 230), (230, 256), (256, 261)]
[(488, 463), (463, 464), (464, 489), (489, 488)]
[(471, 499), (499, 500), (500, 473), (473, 471)]
[(91, 132), (132, 127), (127, 92), (92, 91)]
[(235, 246), (246, 146), (146, 135), (135, 235)]
[(550, 549), (549, 348), (348, 25), (25, 550)]
[(134, 133), (133, 164), (164, 138), (138, 134)]
[(453, 451), (451, 452), (452, 454), (454, 453)]
[(309, 310), (310, 322), (322, 318), (318, 309)]
[(271, 272), (272, 265), (265, 264), (264, 271)]
[(235, 135), (135, 113), (113, 212), (212, 235)]
[(492, 482), (482, 467), (467, 466), (466, 492)]
[(456, 477), (477, 486), (486, 460), (460, 456)]
[(284, 283), (283, 291), (291, 287), (287, 284)]
[(254, 258), (258, 260), (260, 255), (255, 254)]
[(411, 410), (410, 426), (426, 428), (428, 411)]
[(174, 175), (175, 167), (167, 166), (166, 174)]
[(406, 403), (403, 413), (413, 429), (429, 406)]
[(374, 516), (516, 515), (515, 380), (380, 374)]
[(203, 219), (219, 195), (195, 192), (192, 203)]
[(427, 425), (425, 421), (421, 422), (422, 427)]
[(381, 375), (375, 374), (374, 380), (380, 381)]
[(66, 65), (65, 64), (64, 67), (67, 66)]
[(20, 19), (19, 340), (340, 343), (343, 20)]
[(244, 243), (243, 329), (329, 294), (294, 244)]
[(127, 114), (114, 89), (89, 92), (92, 127)]
[(518, 510), (510, 511), (511, 532), (532, 518)]
[(57, 79), (79, 536), (536, 525), (525, 57)]
[(128, 131), (131, 133), (133, 134), (134, 128)]
[(255, 260), (260, 261), (261, 256), (256, 255)]
[(440, 397), (397, 398), (398, 502), (502, 440)]
[(3, 556), (556, 378), (378, 382), (382, 3)]
[(411, 428), (428, 429), (429, 413), (413, 411)]
[(225, 210), (210, 209), (209, 239), (239, 225)]
[(509, 505), (505, 504), (504, 507), (507, 509)]
[(433, 358), (358, 356), (356, 432), (432, 433)]
[(125, 116), (116, 140), (140, 163), (163, 125)]
[(436, 435), (435, 442), (442, 443), (443, 436)]
[(286, 274), (274, 269), (269, 267), (267, 286)]
[(236, 238), (238, 237), (237, 234), (234, 236)]
[(316, 317), (317, 319), (319, 320), (320, 316)]
[(520, 519), (519, 533), (533, 538), (538, 537), (537, 520)]
[(439, 438), (438, 451), (451, 453), (453, 441), (441, 439)]
[(238, 226), (226, 225), (225, 239), (239, 237), (237, 238)]
[(422, 421), (421, 417), (417, 418), (418, 424), (424, 422)]
[(144, 145), (145, 154), (154, 155), (155, 160), (160, 144)]
[(299, 298), (298, 289), (289, 288), (288, 296), (296, 299)]
[(407, 404), (404, 427), (427, 422), (422, 424), (424, 407)]
[(444, 452), (452, 451), (451, 438), (438, 437), (437, 444)]
[(55, 56), (56, 81), (81, 80), (80, 61), (61, 55)]
[(108, 126), (126, 125), (125, 163), (163, 107), (107, 108)]
[(307, 309), (309, 318), (318, 317), (317, 316), (316, 307)]
[(334, 445), (445, 301), (301, 290), (290, 257), (257, 334)]
[(252, 253), (253, 344), (344, 345), (345, 330), (330, 252)]
[(461, 486), (486, 477), (477, 476), (476, 459), (459, 461)]
[(198, 199), (199, 338), (338, 245), (245, 214), (214, 198)]
[(514, 2), (2, 24), (24, 35), (35, 46), (46, 514)]
[(237, 239), (239, 209), (209, 208), (208, 234), (234, 237)]
[(441, 359), (359, 358), (358, 433), (433, 439), (439, 441)]
[(75, 176), (176, 177), (177, 78), (78, 76), (76, 75)]
[(431, 6), (6, 5), (5, 388), (388, 430), (430, 431)]
[(171, 176), (176, 75), (75, 74), (74, 98), (98, 171)]
[(148, 147), (147, 119), (119, 121), (121, 152), (152, 148)]
[(540, 539), (539, 548), (548, 8), (8, 9), (9, 540)]
[(270, 271), (271, 264), (264, 263), (263, 282), (282, 270)]
[(50, 73), (73, 77), (77, 32), (32, 30), (30, 50)]
[(57, 525), (525, 1), (1, 223), (223, 68), (68, 57)]
[(58, 59), (59, 187), (187, 184), (184, 183), (183, 58)]
[(205, 206), (206, 220), (220, 221), (221, 222), (222, 205)]
[(268, 279), (279, 290), (290, 301), (301, 312), (312, 268)]
[(377, 381), (381, 380), (380, 515), (515, 513), (513, 377)]
[(352, 351), (351, 337), (337, 336), (336, 349), (349, 352)]
[(366, 365), (365, 480), (480, 481), (481, 491), (491, 366)]
[(94, 69), (69, 63), (63, 62), (62, 83), (83, 94)]
[(28, 27), (27, 9), (9, 8), (8, 11), (11, 28)]
[(103, 102), (102, 86), (86, 80), (80, 81), (81, 103)]
[(409, 408), (408, 417), (417, 421), (421, 425), (425, 409)]
[(110, 111), (111, 96), (96, 93), (93, 88), (88, 110)]
[(446, 457), (457, 368), (368, 379), (379, 434), (434, 446)]
[(254, 240), (240, 241), (241, 259), (259, 258), (258, 254)]
[(406, 429), (429, 428), (428, 426), (426, 405), (405, 406)]
[(266, 265), (265, 272), (272, 273), (273, 285), (285, 266)]
[(234, 208), (208, 207), (207, 229), (229, 236), (236, 234)]
[(536, 79), (79, 101), (101, 90), (90, 547), (547, 536)]
[(43, 65), (65, 66), (66, 47), (47, 44), (44, 43)]
[(15, 14), (14, 78), (78, 177), (177, 178), (178, 15)]
[(123, 118), (118, 151), (151, 162), (162, 159), (159, 123)]
[(341, 340), (340, 19), (19, 22), (22, 342), (342, 341)]
[(173, 100), (100, 97), (97, 167), (167, 175), (175, 173)]
[(370, 541), (541, 538), (538, 533), (533, 535), (535, 370)]
[(543, 542), (542, 531), (531, 521), (521, 522), (522, 543)]
[(393, 395), (395, 402), (402, 400), (400, 399), (399, 393)]
[(453, 454), (454, 361), (361, 359), (359, 441), (441, 453)]
[(495, 493), (493, 494), (494, 497), (497, 496), (496, 495)]
[(367, 493), (493, 495), (495, 470), (470, 369), (369, 367)]
[(530, 531), (531, 542), (542, 541), (541, 370), (370, 371), (371, 530)]
[(288, 287), (287, 291), (291, 293), (293, 297), (297, 296), (296, 288)]
[(247, 248), (248, 338), (338, 199), (199, 189), (189, 191), (191, 247)]
[(134, 138), (138, 137), (137, 136), (136, 129), (129, 128), (128, 134)]
[(526, 373), (373, 372), (372, 555), (555, 553), (553, 523), (523, 526)]
[(323, 368), (368, 457), (457, 508), (508, 385), (385, 335), (335, 323)]
[(42, 52), (52, 60), (60, 64), (64, 65), (65, 43), (43, 42)]
[(238, 236), (236, 229), (229, 233), (233, 227), (227, 226), (226, 238)]
[(250, 341), (341, 342), (342, 345), (345, 344), (344, 251), (251, 250)]
[(354, 355), (355, 353), (353, 352), (352, 349), (349, 350), (350, 354)]
[(191, 189), (189, 188), (188, 33), (33, 17), (17, 18), (18, 191)]
[(419, 420), (420, 415), (415, 414), (414, 431), (431, 430), (430, 419)]
[(56, 58), (58, 183), (183, 170), (170, 103), (103, 81), (81, 56)]
[(46, 412), (412, 423), (423, 346), (346, 13), (13, 514), (514, 46)]
[(341, 250), (250, 249), (249, 339), (339, 343), (343, 340), (340, 341)]
[(544, 543), (543, 522), (522, 523), (523, 553), (553, 554), (554, 544)]
[(148, 117), (117, 115), (115, 130), (130, 141), (141, 147), (147, 148)]
[(202, 216), (216, 193), (193, 197), (197, 218), (218, 217), (217, 202)]
[(159, 162), (162, 150), (150, 149), (149, 161), (161, 156), (156, 159)]
[(1, 0), (0, 445), (445, 334), (334, 112), (112, 223), (223, 1)]
[(140, 116), (116, 122), (122, 139), (139, 136), (136, 137), (137, 140)]
[(302, 303), (303, 304), (304, 277), (277, 278), (278, 300), (300, 302)]
[(176, 171), (171, 172), (172, 180), (180, 178), (178, 177), (177, 176)]
[(42, 45), (45, 53), (53, 54), (54, 51), (51, 52), (52, 42)]
[(489, 462), (462, 458), (458, 485), (485, 487), (487, 488), (488, 489)]
[(306, 305), (305, 303), (303, 302), (302, 298), (298, 299), (299, 306)]
[(165, 99), (99, 100), (100, 173), (173, 174), (174, 166), (166, 165)]
[(481, 483), (483, 492), (492, 466), (466, 469), (469, 491), (491, 481)]
[(58, 56), (56, 55), (55, 51), (51, 54), (54, 59), (59, 58)]
[(552, 350), (350, 349), (349, 336), (336, 332), (332, 551), (551, 552)]
[(172, 171), (171, 98), (98, 99), (99, 165), (165, 169), (169, 172)]
[(94, 82), (82, 85), (85, 95), (95, 70), (70, 69), (69, 94)]
[(300, 276), (276, 275), (275, 289), (289, 298), (298, 302), (302, 300)]
[(420, 419), (419, 418), (418, 417), (417, 408), (408, 416), (416, 420)]
[(500, 498), (498, 496), (496, 497), (497, 472), (472, 473), (473, 500)]
[(471, 470), (470, 495), (495, 496), (496, 498), (498, 499), (499, 471)]
[(247, 191), (191, 18), (18, 21), (21, 339), (339, 249), (249, 247)]
[(256, 230), (230, 213), (213, 211), (211, 240), (240, 254), (254, 255), (255, 256)]
[(38, 40), (40, 39), (39, 29), (29, 28), (28, 11), (11, 12), (12, 38)]
[(275, 270), (270, 282), (282, 284), (284, 287), (287, 288), (288, 289), (289, 275)]
[(32, 77), (77, 72), (72, 76), (76, 78), (78, 14), (14, 10), (10, 32)]
[(465, 475), (475, 476), (476, 477), (477, 456), (456, 450), (450, 449), (449, 465)]
[(527, 528), (528, 517), (517, 518), (518, 532), (532, 490), (490, 501), (501, 527)]
[(190, 224), (224, 212), (212, 113), (113, 90), (90, 101), (101, 168), (168, 190)]
[(226, 227), (227, 228), (228, 220), (220, 206), (206, 210), (210, 225), (225, 226)]
[(235, 212), (212, 224), (224, 179), (179, 124), (124, 157), (157, 246), (246, 235)]
[(458, 459), (459, 476), (476, 475), (475, 478), (478, 484), (484, 485), (485, 458)]
[(107, 163), (163, 140), (140, 137), (137, 138), (138, 164), (164, 106), (106, 107)]
[(283, 284), (284, 282), (282, 263), (263, 259), (259, 241), (241, 242), (242, 283)]
[(213, 230), (230, 231), (231, 232), (232, 233), (233, 229), (229, 207), (207, 213)]
[(446, 434), (434, 510), (510, 518), (518, 517), (517, 519), (519, 520), (520, 446)]
[(389, 391), (391, 504), (504, 505), (505, 503), (503, 502), (502, 398), (398, 389)]
[(60, 52), (52, 51), (51, 55), (55, 61), (61, 62), (62, 63), (63, 60)]
[(519, 517), (517, 528), (528, 529), (529, 534), (534, 535), (535, 533), (533, 519)]
[(35, 24), (24, 124), (124, 179), (179, 190), (190, 168), (168, 201), (201, 35)]
[(330, 345), (345, 342), (342, 22), (22, 23), (23, 347), (347, 331), (331, 330)]
[(522, 521), (521, 468), (468, 512), (512, 524), (524, 526), (526, 523), (523, 522)]
[(418, 419), (419, 430), (430, 388), (388, 387), (387, 407), (407, 424), (424, 418)]
[(106, 164), (164, 133), (133, 131), (131, 132), (132, 91), (91, 87), (87, 106)]
[(427, 404), (404, 405), (405, 426), (426, 410), (410, 409), (409, 425), (425, 427)]
[(469, 474), (474, 494), (494, 493), (493, 367), (367, 366), (366, 491), (491, 469)]
[(219, 203), (203, 204), (204, 217), (217, 218), (218, 194), (194, 196), (196, 219)]
[(59, 54), (54, 53), (53, 182), (182, 185), (185, 186), (186, 187), (187, 59)]
[(158, 161), (161, 149), (149, 143), (143, 144), (144, 160), (160, 153), (153, 158)]
[(448, 455), (455, 362), (362, 361), (361, 454), (454, 452), (452, 444), (444, 448)]
[(23, 26), (26, 348), (348, 549), (549, 551), (551, 332), (332, 333), (333, 347), (347, 23)]
[(525, 536), (536, 547), (547, 2), (2, 514), (514, 13), (13, 0), (0, 1), (1, 525)]
[(43, 44), (44, 41), (41, 38), (38, 12), (12, 16), (16, 45), (45, 42), (42, 43)]
[(71, 74), (74, 75), (75, 76), (76, 72), (72, 73), (73, 50), (50, 48), (48, 71)]
[(521, 531), (531, 530), (530, 529), (529, 528), (528, 527), (527, 479), (479, 468), (468, 521)]
[(132, 131), (131, 128), (128, 129), (129, 130), (130, 115), (115, 114), (114, 127), (127, 132)]
[(488, 487), (487, 484), (484, 478), (478, 480), (480, 365), (365, 363), (363, 463), (463, 488)]
[(386, 389), (389, 398), (398, 397), (397, 396), (396, 395), (395, 393), (393, 394), (394, 386)]
[(376, 372), (372, 373), (373, 524), (524, 512), (512, 516), (516, 374), (374, 375), (375, 376)]
[(444, 437), (437, 436), (436, 443), (443, 449), (449, 450), (450, 447), (447, 448), (448, 444)]
[(323, 357), (357, 423), (423, 412), (412, 401), (401, 390), (390, 379), (379, 368), (368, 323)]
[(504, 391), (391, 392), (392, 383), (383, 385), (385, 508), (508, 506), (506, 507), (507, 504)]
[(181, 182), (182, 53), (53, 45), (45, 16), (16, 15), (15, 178), (178, 180), (180, 181)]
[(151, 118), (118, 119), (119, 147), (147, 141), (141, 143), (143, 149), (149, 150), (150, 151)]
[(465, 467), (467, 482), (482, 483), (483, 481), (481, 480), (480, 478), (478, 475), (475, 465)]
[(293, 291), (291, 283), (283, 242), (242, 244), (244, 294), (294, 295), (295, 292), (292, 293)]
[(71, 48), (48, 49), (49, 67), (67, 64), (64, 60), (60, 63), (63, 69), (69, 70), (70, 71)]
[(172, 169), (169, 170), (170, 183), (183, 184), (184, 186), (186, 185), (185, 181), (181, 180), (180, 172)]
[(6, 431), (431, 414), (414, 402), (402, 395), (395, 396), (396, 432), (432, 356), (356, 7), (7, 6)]
[(144, 143), (143, 141), (141, 130), (130, 129), (129, 136), (136, 139), (139, 142), (142, 145), (145, 144)]
[(108, 107), (107, 106), (106, 87), (87, 86), (86, 102), (102, 109), (109, 104), (104, 105), (105, 108)]
[(124, 24), (24, 2), (2, 547), (547, 90), (90, 113), (113, 135), (135, 146), (146, 157), (157, 124)]
[(392, 391), (391, 389), (389, 386), (386, 387), (387, 388), (388, 5), (5, 557), (557, 384), (384, 392)]
[(513, 390), (390, 401), (401, 378), (378, 556), (556, 555), (555, 372), (372, 376), (376, 377), (377, 513)]
[(301, 445), (445, 0), (0, 13), (13, 346), (346, 357), (357, 323), (323, 335), (335, 312), (312, 301)]
[(505, 509), (509, 506), (506, 508), (508, 457), (457, 446), (446, 520), (520, 537), (537, 546), (546, 503), (503, 505)]
[(541, 542), (542, 543), (543, 544), (544, 545), (545, 539), (539, 540), (540, 546), (546, 537), (537, 538), (538, 541)]
[(221, 228), (228, 227), (227, 233), (233, 232), (232, 262), (262, 281), (281, 326), (326, 324), (324, 222), (222, 221)]
[(47, 49), (49, 48), (48, 50), (50, 30), (30, 31), (31, 39), (39, 40), (40, 41), (41, 44), (44, 47)]
[(154, 142), (142, 139), (139, 122), (122, 123), (123, 159), (159, 156), (156, 158), (158, 153), (153, 155), (155, 154)]
[(307, 305), (305, 306), (306, 311), (311, 313), (313, 314), (314, 315), (315, 308), (308, 310), (310, 309), (309, 307)]
[(403, 406), (406, 405), (405, 404), (404, 407), (407, 387), (387, 386), (386, 394), (394, 399), (399, 400), (400, 403)]
[(352, 353), (353, 215), (215, 205), (205, 222), (222, 324), (324, 325), (325, 314), (314, 313), (313, 351), (351, 352)]
[(319, 317), (317, 318), (318, 322), (322, 308), (308, 315), (315, 325), (325, 324), (324, 326), (326, 327), (327, 321), (321, 319)]
[(320, 328), (328, 327), (327, 326), (326, 281), (281, 280), (280, 304), (304, 303), (303, 305), (305, 307), (307, 316), (316, 320)]
[(403, 400), (400, 402), (402, 414), (414, 415), (415, 416), (416, 408), (408, 409), (409, 410), (410, 411), (411, 413), (413, 403)]
[(101, 79), (79, 57), (57, 68), (68, 112), (112, 334), (334, 257), (257, 279), (279, 268), (268, 201), (201, 168), (168, 101)]
[(96, 111), (111, 109), (109, 102), (102, 103), (103, 170), (170, 169), (169, 165), (165, 166), (166, 167), (167, 97), (97, 96)]
[(93, 96), (96, 97), (97, 100), (100, 99), (99, 98), (98, 74), (74, 71), (71, 70), (70, 95), (95, 84), (84, 93)]
[(36, 34), (34, 37), (37, 27), (27, 28), (28, 29), (29, 31), (31, 30), (30, 32), (32, 10), (10, 17), (17, 33), (33, 36)]
[(510, 434), (434, 379), (379, 390), (390, 513), (513, 515), (515, 516), (516, 512), (512, 468), (468, 479), (479, 501), (501, 490), (490, 511), (511, 510)]
[(397, 440), (440, 355), (355, 354), (354, 360), (360, 435), (435, 436), (436, 437), (437, 438), (438, 439), (439, 433), (433, 432), (432, 396), (396, 397)]
[(262, 269), (269, 274), (274, 273), (273, 272), (272, 271), (271, 270), (270, 275), (275, 276), (276, 278), (278, 277), (277, 280), (280, 281), (281, 262)]
[(198, 192), (192, 195), (195, 196), (196, 194), (194, 197), (197, 193), (193, 200), (200, 34), (34, 36), (36, 188), (188, 189), (189, 199), (199, 198)]
[(458, 462), (462, 464), (464, 463), (463, 363), (363, 362), (362, 455), (455, 447), (447, 450), (450, 456), (456, 460), (460, 461), (461, 459), (459, 458)]
[(259, 263), (263, 264), (264, 265), (265, 266), (266, 267), (267, 269), (269, 262), (262, 232), (232, 231), (231, 261), (261, 260), (260, 258), (258, 259)]
[(442, 364), (364, 369), (369, 470), (470, 471), (471, 473), (473, 472), (472, 474), (474, 469), (469, 466), (466, 467), (467, 465), (465, 449), (449, 443), (443, 442)]
[(88, 93), (93, 84), (84, 85), (85, 82), (82, 83), (83, 62), (62, 61), (61, 80), (80, 86), (86, 87), (87, 91), (91, 92), (92, 89), (89, 88)]
[(9, 27), (27, 37), (37, 200), (200, 193), (193, 216), (216, 215), (215, 353), (353, 355), (355, 440), (440, 502), (502, 503), (503, 546), (546, 540), (540, 9)]
[(243, 244), (244, 242), (242, 241), (241, 240), (240, 211), (211, 214), (214, 245), (245, 248), (248, 247), (247, 249), (249, 250), (250, 251), (251, 253), (253, 252), (252, 243)]
[(335, 385), (385, 383), (383, 384), (384, 557), (557, 4), (4, 382), (382, 378), (378, 401), (401, 412), (412, 46), (46, 35), (35, 201), (201, 268), (268, 312), (312, 335)]
[(297, 292), (292, 295), (295, 329), (329, 243), (243, 252), (252, 330), (330, 331), (331, 333), (333, 332), (332, 336), (336, 337), (337, 311), (311, 306), (306, 299), (299, 296), (296, 297)]
[(202, 204), (204, 203), (203, 192), (192, 198), (198, 214), (214, 211), (211, 213), (213, 207), (207, 208), (208, 209), (209, 210), (210, 206), (206, 205), (205, 215), (215, 216), (216, 202)]
[(552, 7), (7, 356), (356, 358), (358, 359), (359, 361), (361, 362), (362, 363), (363, 365), (365, 366), (366, 367), (367, 369), (369, 364), (364, 360), (360, 354), (354, 350), (350, 552)]
[(116, 125), (125, 126), (126, 105), (105, 104), (104, 110), (110, 88), (88, 89), (89, 114), (114, 115), (115, 117), (117, 120), (120, 121), (121, 119), (119, 118), (118, 123), (123, 122), (122, 116)]
[(548, 539), (539, 545), (545, 554), (554, 553), (553, 555), (555, 556), (556, 3), (3, 4), (4, 557), (557, 5), (5, 6), (6, 7), (7, 552), (552, 551), (551, 549), (549, 550), (550, 548)]
[(26, 23), (23, 22), (22, 19), (19, 20), (20, 21), (21, 18), (18, 17), (17, 10), (10, 14), (14, 15), (15, 16), (16, 12), (12, 11), (11, 8), (8, 548), (548, 550), (550, 25), (25, 26)]
