[(299, 298), (298, 306), (306, 299)]
[(470, 433), (433, 428), (428, 470)]
[(15, 14), (14, 39), (39, 15)]
[(401, 490), (490, 412), (412, 401)]
[(282, 280), (280, 383), (383, 282)]
[(429, 407), (407, 406), (406, 429)]
[(487, 353), (353, 351), (351, 487)]
[(417, 416), (416, 415), (415, 417)]
[(319, 322), (322, 321), (321, 319)]
[(161, 260), (260, 163), (163, 161)]
[(132, 131), (131, 144), (144, 132)]
[(264, 263), (263, 275), (275, 264)]
[(69, 23), (23, 21), (21, 69)]
[(200, 198), (198, 209), (209, 200)]
[(317, 316), (316, 320), (320, 317)]
[(220, 219), (219, 218), (218, 220)]
[(330, 292), (292, 291), (291, 330)]
[(568, 557), (557, 146), (146, 568)]
[(532, 531), (531, 535), (535, 532)]
[(439, 474), (474, 440), (440, 439)]
[(471, 469), (469, 475), (475, 471)]
[(12, 40), (40, 17), (17, 12)]
[(127, 134), (134, 128), (128, 127)]
[(239, 261), (261, 241), (241, 239)]
[(49, 47), (47, 45), (45, 49)]
[(345, 344), (344, 347), (347, 345)]
[(566, 562), (562, 560), (560, 566)]
[(481, 537), (537, 483), (483, 481)]
[(284, 294), (294, 286), (286, 284)]
[(124, 190), (190, 135), (135, 124)]
[(396, 395), (395, 418), (418, 396)]
[(182, 159), (159, 154), (154, 182)]
[(312, 301), (301, 335), (335, 312)]
[(458, 466), (466, 459), (459, 458)]
[(463, 452), (452, 451), (451, 463)]
[(310, 314), (314, 311), (311, 310)]
[(540, 539), (539, 544), (544, 540)]
[(542, 541), (541, 543), (543, 542)]
[(104, 103), (103, 116), (116, 104)]
[(237, 256), (256, 238), (238, 237)]
[(386, 385), (385, 392), (392, 386)]
[(578, 575), (575, 573), (573, 578)]
[(528, 255), (255, 253), (253, 528)]
[(51, 50), (50, 58), (58, 51)]
[(302, 300), (300, 308), (308, 302)]
[(249, 248), (248, 259), (259, 249)]
[(81, 75), (75, 74), (74, 81)]
[(424, 422), (422, 441), (441, 424)]
[(109, 107), (107, 125), (125, 109)]
[(380, 484), (484, 382), (382, 380)]
[(444, 443), (443, 448), (448, 444)]
[(123, 36), (36, 32), (32, 123)]
[(93, 92), (92, 94), (94, 93)]
[(84, 83), (83, 88), (88, 84)]
[(450, 449), (449, 456), (456, 450)]
[(520, 496), (496, 493), (493, 520)]
[(576, 571), (571, 570), (570, 576)]
[(362, 359), (359, 358), (358, 362)]
[(232, 234), (234, 233), (233, 232)]
[(9, 4), (4, 589), (589, 9)]
[(550, 548), (548, 564), (564, 550)]
[(370, 369), (369, 376), (376, 370)]
[(518, 516), (516, 515), (515, 518)]
[(318, 244), (244, 242), (242, 318)]
[(149, 153), (153, 150), (150, 149)]
[(203, 202), (202, 210), (210, 203)]
[(357, 346), (346, 390), (390, 357)]
[(227, 189), (189, 187), (187, 227)]
[(439, 438), (438, 473), (473, 474), (474, 439)]
[(2, 579), (579, 13), (13, 35), (35, 2)]
[(494, 495), (495, 521), (521, 499), (499, 494)]
[(148, 145), (145, 118), (118, 121), (121, 148)]
[(473, 438), (438, 437), (437, 472), (472, 473)]
[(201, 179), (179, 268), (268, 224), (224, 201)]
[(64, 95), (95, 96), (96, 65), (65, 64)]
[(228, 221), (221, 225), (225, 229), (229, 228)]
[(26, 461), (461, 72), (72, 27), (27, 26)]
[(531, 530), (530, 533), (533, 535), (535, 531)]
[(314, 310), (310, 309), (309, 313), (313, 314)]
[(115, 114), (114, 151), (151, 119), (119, 115)]
[(265, 251), (251, 252), (252, 486), (486, 265)]
[(569, 559), (559, 558), (558, 567), (567, 569)]
[(41, 44), (44, 18), (18, 16), (16, 41)]
[(297, 305), (305, 306), (306, 298), (298, 297)]
[(252, 250), (250, 476), (476, 486), (486, 252)]
[(410, 416), (416, 417), (417, 411), (411, 410)]
[(515, 514), (514, 517), (517, 518), (518, 515)]
[(466, 465), (465, 464), (464, 459), (459, 466)]
[(492, 491), (491, 509), (509, 510), (510, 492)]
[(504, 502), (502, 497), (497, 498), (498, 504)]
[(537, 536), (536, 482), (482, 483), (483, 537)]
[(54, 52), (52, 396), (396, 418), (418, 54)]
[(223, 112), (112, 0), (0, 1), (1, 223)]
[(119, 151), (151, 152), (152, 120), (120, 119)]
[(143, 144), (144, 131), (131, 130), (130, 143)]
[(419, 414), (414, 402), (402, 403), (403, 419)]
[(561, 562), (562, 566), (566, 565), (565, 561)]
[(423, 545), (545, 468), (468, 434), (434, 423)]
[(381, 382), (382, 484), (484, 389), (389, 381)]
[(295, 271), (271, 270), (270, 304), (304, 295)]
[(170, 171), (171, 181), (181, 178), (178, 170)]
[(337, 326), (326, 325), (325, 331), (331, 337)]
[(366, 365), (365, 364), (364, 377), (377, 366)]
[(508, 509), (509, 491), (491, 489), (489, 508)]
[(544, 539), (539, 527), (527, 526), (526, 544)]
[(564, 554), (554, 549), (549, 550), (550, 564)]
[(215, 220), (220, 218), (218, 216), (216, 215)]
[(113, 157), (157, 101), (101, 90), (90, 113)]
[(511, 517), (517, 514), (514, 513), (513, 511)]
[(80, 78), (78, 73), (73, 76), (76, 80)]
[(104, 116), (116, 100), (100, 99), (99, 104)]
[(34, 36), (36, 123), (123, 122), (122, 34)]
[(519, 500), (500, 499), (499, 521), (521, 519)]
[(376, 369), (369, 367), (367, 375), (375, 376)]
[(588, 587), (587, 7), (7, 8), (8, 588)]
[(422, 420), (420, 427), (427, 441), (441, 422)]
[(136, 133), (133, 176), (176, 177), (177, 136)]
[(455, 456), (456, 449), (449, 447), (447, 455)]
[(489, 488), (488, 507), (507, 508), (508, 489)]
[(197, 211), (211, 185), (185, 183), (183, 197)]
[(93, 94), (94, 89), (89, 87), (87, 93)]
[(39, 14), (14, 11), (11, 20), (20, 39)]
[(9, 10), (10, 3), (3, 4), (4, 9)]
[(364, 363), (363, 374), (374, 378), (378, 377), (377, 364)]
[(589, 588), (588, 8), (8, 10), (10, 9), (9, 589)]
[(192, 156), (156, 141), (141, 140), (140, 199), (199, 192)]
[(343, 339), (339, 340), (340, 347), (347, 344), (344, 343)]
[(322, 319), (319, 320), (320, 316), (316, 315), (315, 322)]
[(221, 228), (228, 230), (230, 226), (226, 222), (222, 221)]
[(334, 445), (445, 24), (24, 13), (13, 579), (579, 334)]
[(551, 212), (212, 168), (168, 257), (257, 563), (563, 551)]
[(469, 467), (467, 431), (431, 432), (432, 475), (475, 469)]
[(45, 47), (47, 44), (44, 41), (41, 42), (42, 45)]
[(349, 365), (365, 366), (366, 166), (166, 165), (165, 349)]
[(64, 62), (62, 85), (85, 86), (86, 95), (95, 64)]
[(584, 580), (580, 581), (581, 585), (585, 586), (586, 584)]
[(170, 178), (178, 177), (177, 176), (176, 169), (169, 170)]
[(472, 437), (437, 430), (430, 431), (431, 467), (467, 472)]
[(210, 211), (211, 197), (197, 196), (196, 203), (203, 210)]
[(273, 274), (274, 485), (485, 384), (384, 283), (283, 273)]
[(208, 139), (139, 138), (138, 193), (193, 207), (207, 208)]
[(1, 0), (0, 334), (334, 579), (579, 2), (2, 1)]
[(220, 215), (215, 214), (214, 213), (213, 219), (219, 220)]
[(42, 43), (43, 48), (48, 49), (49, 45), (45, 42)]
[(485, 274), (274, 275), (275, 263), (263, 262), (262, 485)]
[(352, 327), (327, 329), (329, 351), (351, 353), (353, 352)]
[(335, 301), (301, 279), (279, 290), (290, 323), (323, 335)]
[(495, 496), (496, 520), (520, 519), (519, 521), (521, 495)]
[(436, 442), (442, 425), (425, 421), (421, 435), (435, 436)]
[(523, 534), (534, 457), (457, 479), (479, 512), (512, 523)]
[(337, 338), (338, 245), (245, 243), (243, 326), (326, 337)]
[(475, 432), (432, 433), (433, 470), (470, 471), (471, 475)]
[(533, 530), (530, 529), (529, 522), (522, 524), (524, 533)]
[(409, 408), (408, 411), (411, 417), (417, 415), (415, 409)]
[(560, 555), (555, 553), (553, 565), (565, 566), (566, 560)]
[(150, 147), (147, 145), (145, 148), (148, 149), (149, 150)]
[(294, 293), (293, 296), (296, 285), (285, 286), (286, 294)]
[(445, 546), (546, 79), (79, 46), (46, 24), (24, 445)]
[(82, 85), (85, 62), (62, 63), (63, 91), (91, 82)]
[(158, 236), (236, 238), (238, 256), (256, 160), (160, 158)]
[(362, 350), (350, 336), (336, 333), (333, 359), (359, 362)]
[(584, 574), (574, 575), (575, 578), (578, 580), (580, 584)]
[(57, 46), (46, 79), (79, 90), (90, 101), (101, 57)]
[(246, 257), (257, 168), (168, 201), (201, 224), (224, 235), (235, 246)]
[(126, 169), (169, 176), (176, 133), (133, 134), (134, 127), (127, 126)]
[(195, 194), (194, 233), (233, 234), (234, 229), (229, 225), (225, 195)]
[(541, 538), (538, 77), (77, 71), (71, 70), (70, 543), (543, 541)]
[(165, 164), (164, 341), (341, 342), (342, 348), (348, 349), (349, 165)]
[(400, 408), (408, 409), (409, 393), (393, 391), (391, 397), (397, 400)]
[(198, 199), (199, 140), (140, 139), (139, 208), (208, 209), (209, 198)]
[(144, 143), (143, 142), (142, 110), (110, 108), (108, 132), (132, 144)]
[(232, 231), (231, 230), (230, 228), (228, 229), (229, 234), (234, 232)]
[(89, 94), (94, 92), (92, 91), (91, 63), (63, 61), (61, 89)]
[(233, 194), (194, 191), (191, 188), (188, 231), (231, 232), (232, 233)]
[(105, 106), (106, 22), (22, 23), (23, 69), (69, 67), (67, 105)]
[(43, 30), (30, 31), (31, 50), (50, 51), (51, 48), (48, 43)]
[(583, 5), (5, 6), (6, 7), (7, 587), (587, 582), (582, 583)]
[(516, 518), (518, 517), (517, 511), (511, 506), (506, 505), (505, 516)]
[(248, 247), (247, 339), (339, 343), (343, 258), (258, 259), (259, 248)]
[(268, 279), (279, 301), (301, 312), (312, 235), (235, 224), (224, 268)]
[(53, 425), (425, 442), (442, 443), (443, 444), (444, 55), (55, 53)]
[(226, 227), (227, 187), (187, 186), (186, 217), (217, 222), (222, 226)]
[(226, 230), (230, 231), (231, 188), (188, 189), (189, 227), (227, 226)]
[(103, 105), (105, 67), (67, 66), (66, 100), (100, 116), (116, 103)]
[(522, 529), (529, 528), (528, 253), (253, 174), (174, 173), (173, 522)]
[(307, 308), (308, 300), (300, 303), (303, 313), (313, 309), (309, 307)]
[(120, 152), (152, 153), (153, 149), (149, 148), (148, 121), (121, 120)]
[(162, 345), (345, 347), (347, 340), (340, 341), (341, 164), (164, 162)]
[(503, 371), (371, 356), (356, 355), (355, 497), (497, 502), (502, 503)]
[(205, 204), (204, 216), (216, 218), (218, 219), (219, 213), (213, 205)]
[(427, 426), (426, 435), (435, 421), (421, 424), (424, 441), (441, 427)]
[(523, 512), (512, 552), (552, 556), (556, 558), (558, 559), (559, 523)]
[(68, 35), (35, 13), (13, 24), (24, 46), (46, 57), (57, 68)]
[(503, 506), (506, 511), (511, 513), (513, 372), (372, 371), (371, 503)]
[(269, 311), (311, 314), (314, 313), (313, 303), (303, 304), (304, 270), (270, 269)]
[(359, 333), (333, 332), (332, 354), (354, 360), (360, 361), (361, 358), (358, 359)]
[(289, 292), (292, 330), (330, 329), (329, 327), (327, 328), (328, 324), (324, 289)]
[(547, 561), (561, 565), (565, 553), (553, 554), (554, 564), (564, 548), (548, 547)]
[(332, 333), (333, 336), (336, 331), (331, 325), (325, 324), (324, 328), (328, 332)]
[(265, 262), (262, 263), (263, 264), (264, 261), (261, 239), (239, 251), (251, 265)]
[(337, 331), (331, 336), (336, 350), (350, 348), (348, 342), (342, 338), (338, 337)]
[(397, 391), (391, 392), (392, 385), (385, 387), (387, 399), (399, 398), (398, 397)]
[(414, 413), (413, 410), (410, 411), (411, 408), (408, 400), (400, 402), (402, 414)]
[(98, 97), (97, 96), (96, 95), (95, 86), (86, 78), (78, 80), (80, 98)]
[(183, 192), (192, 199), (199, 198), (198, 200), (200, 196), (196, 197), (197, 183)]
[(434, 401), (401, 412), (412, 446), (446, 368), (368, 379), (379, 423), (423, 434)]
[(267, 287), (287, 288), (288, 315), (315, 316), (316, 317), (317, 272), (272, 267)]
[(191, 194), (194, 195), (195, 193), (193, 138), (138, 137), (137, 180), (180, 191)]
[(147, 150), (150, 153), (153, 152), (152, 151), (151, 114), (114, 111), (111, 147)]
[(77, 76), (76, 73), (73, 74), (74, 75), (75, 60), (60, 71), (71, 77)]
[(479, 457), (457, 501), (501, 490), (490, 401), (401, 434), (434, 468), (468, 479)]
[(65, 96), (96, 97), (97, 102), (102, 99), (99, 100), (100, 66), (66, 65)]
[(374, 363), (363, 361), (361, 360), (360, 370), (370, 376), (376, 375), (375, 374)]
[(269, 266), (266, 278), (278, 307), (307, 309), (309, 310), (310, 311), (311, 269)]
[(111, 110), (110, 142), (142, 117), (117, 118), (118, 145), (145, 147), (147, 111)]
[(0, 112), (112, 557), (557, 568), (568, 546), (546, 445), (445, 334), (334, 0)]
[(575, 574), (574, 577), (577, 576), (576, 570), (570, 572), (572, 573), (573, 575)]
[(175, 526), (526, 527), (527, 525), (525, 524), (524, 522), (522, 173), (173, 175)]
[(409, 415), (415, 416), (416, 410), (410, 413), (413, 394), (394, 393), (393, 409)]
[(338, 342), (342, 341), (341, 340), (340, 339), (339, 247), (247, 245), (245, 338)]
[(171, 172), (172, 236), (236, 158), (158, 159), (159, 182), (182, 181), (181, 171)]
[(307, 278), (278, 277), (277, 305), (305, 297), (297, 302), (302, 308), (308, 307)]
[(39, 20), (20, 19), (19, 29), (29, 40), (40, 12), (12, 15), (15, 39)]
[(293, 294), (294, 284), (284, 287), (287, 267), (267, 271), (271, 295), (295, 293)]
[(335, 323), (323, 346), (346, 357), (357, 246), (246, 235), (235, 312), (312, 335)]
[(55, 444), (444, 448), (448, 447), (447, 449), (449, 450), (450, 56), (56, 55)]
[(91, 92), (92, 93), (93, 87), (87, 88), (88, 83), (83, 82), (82, 91)]
[(481, 483), (483, 482), (482, 460), (460, 454), (454, 453), (453, 480), (480, 481)]
[(306, 305), (305, 277), (277, 276), (276, 285), (285, 296), (296, 299), (299, 306)]
[(162, 163), (163, 260), (260, 258), (258, 343), (343, 344), (344, 345), (345, 162)]
[(352, 355), (355, 356), (356, 354), (354, 332), (332, 328), (328, 327), (327, 352)]
[(533, 524), (524, 525), (525, 478), (478, 477), (477, 532), (532, 535), (535, 533)]
[(193, 195), (195, 225), (225, 221), (221, 222), (222, 217), (217, 206), (206, 207), (207, 193)]
[(530, 531), (531, 532), (532, 477), (477, 254), (254, 255), (255, 528), (528, 529), (529, 530)]
[(40, 29), (29, 30), (30, 43), (43, 42), (42, 41), (41, 16), (16, 17), (17, 40)]
[(498, 500), (500, 519), (519, 520), (520, 493), (493, 492), (492, 510), (510, 504), (504, 498)]
[(206, 217), (217, 186), (186, 184), (184, 214), (214, 215), (215, 216), (216, 204), (204, 206)]
[(79, 546), (546, 568), (568, 146), (146, 124), (124, 135), (135, 113), (113, 90), (90, 79)]
[(482, 536), (536, 542), (542, 543), (543, 70), (70, 72), (72, 461), (461, 460), (460, 482)]
[(157, 113), (113, 135), (135, 190), (190, 179), (179, 201), (201, 168), (168, 212), (212, 157)]
[(588, 589), (589, 4), (4, 3), (3, 585), (585, 581), (581, 582), (582, 587), (587, 588)]
[(249, 259), (259, 258), (258, 260), (260, 161), (161, 160), (160, 256), (256, 237), (237, 249)]
[(205, 213), (213, 214), (214, 184), (184, 185), (185, 211), (211, 210), (210, 202), (202, 205)]
[(242, 240), (240, 272), (272, 317), (317, 320), (320, 319), (319, 321), (321, 318), (318, 242)]
[(61, 60), (60, 75), (75, 81), (81, 84), (84, 88), (88, 87), (87, 89), (89, 61)]
[(78, 86), (86, 85), (85, 82), (82, 83), (83, 84), (84, 81), (81, 74), (74, 73), (73, 78)]
[(402, 400), (400, 397), (397, 398), (398, 405), (405, 404), (404, 406), (406, 407), (407, 403), (403, 402)]
[(560, 562), (562, 561), (561, 547), (547, 551), (551, 563), (563, 556), (556, 552), (552, 555), (555, 560)]
[(98, 129), (129, 126), (126, 127), (127, 128), (128, 125), (125, 107), (107, 102), (102, 97), (97, 98)]
[(169, 126), (126, 129), (129, 175), (175, 173), (173, 174), (174, 172), (172, 171), (171, 170), (170, 169)]
[(502, 504), (504, 510), (510, 509), (509, 508), (508, 507), (507, 505), (505, 506), (506, 503), (503, 502)]
[(37, 33), (33, 167), (167, 381), (381, 389), (389, 388), (388, 387), (387, 385), (385, 386), (386, 37)]
[(567, 446), (446, 412), (412, 490), (490, 501), (501, 572), (572, 570), (570, 571), (571, 569), (569, 567)]
[(585, 3), (3, 10), (10, 8), (8, 7), (7, 6), (6, 462), (462, 28), (28, 586), (586, 585)]
[(371, 372), (372, 373), (373, 367), (367, 369), (369, 370), (370, 360), (360, 354), (354, 356), (356, 371)]
[(181, 182), (182, 154), (154, 155), (155, 180), (180, 137), (137, 136), (136, 177), (177, 178), (178, 181)]
[(516, 505), (505, 507), (507, 488), (488, 373), (373, 372), (372, 513), (513, 514), (514, 515), (515, 516)]
[(463, 464), (464, 465), (465, 59), (59, 56), (56, 450), (450, 456), (456, 455), (455, 452), (452, 463)]
[(487, 494), (494, 499), (499, 500), (500, 498), (498, 497), (497, 355), (355, 352), (352, 353), (353, 487)]
[(362, 358), (358, 361), (361, 363), (363, 364), (364, 365), (365, 349), (349, 348), (348, 350), (350, 362)]
[(553, 555), (555, 552), (552, 512), (512, 479), (479, 468), (468, 545), (545, 549), (549, 554), (554, 553)]
[(266, 273), (273, 283), (283, 280), (280, 282), (282, 281), (281, 276), (276, 277), (277, 278), (278, 266)]
[(288, 287), (287, 284), (284, 286), (286, 285), (285, 276), (276, 281), (281, 291), (291, 292), (292, 289), (289, 288)]
[(540, 544), (544, 526), (526, 175), (175, 129), (129, 98), (98, 80), (80, 76), (76, 77), (77, 538), (538, 540)]
[(55, 56), (56, 59), (59, 58), (58, 50), (50, 31), (31, 38), (38, 52), (52, 54), (54, 53), (53, 55)]
[(485, 262), (262, 265), (265, 486), (486, 476), (476, 388), (388, 389), (389, 484), (484, 380), (380, 384), (384, 485)]
[(203, 196), (196, 200), (200, 209), (209, 208), (208, 207), (207, 206), (206, 204), (204, 205), (205, 202), (202, 203)]
[(476, 250), (250, 254), (254, 477), (477, 478), (478, 480), (480, 453), (453, 399), (399, 387), (387, 388), (388, 476)]
[(391, 393), (393, 394), (394, 395), (395, 396), (396, 52), (52, 38), (38, 37), (37, 386), (386, 392), (392, 391)]
[(257, 246), (246, 357), (357, 390), (390, 368), (368, 446), (446, 567), (567, 558), (558, 556), (556, 563), (563, 257)]
[(580, 578), (578, 573), (573, 572), (572, 501), (501, 457), (457, 534), (534, 583), (583, 582), (582, 581), (581, 580)]
[(426, 430), (430, 437), (437, 438), (438, 439), (439, 440), (440, 404), (404, 405), (405, 436), (436, 435), (435, 426)]
[(293, 295), (295, 304), (304, 303), (303, 300), (300, 302), (302, 297), (297, 298), (298, 299), (299, 296), (296, 293)]
[(190, 124), (124, 146), (146, 557), (557, 112), (112, 223), (223, 290), (290, 279), (279, 268), (268, 179), (179, 190)]
[(36, 34), (34, 33), (33, 37), (37, 38), (38, 31), (31, 30), (30, 29), (29, 19), (19, 25), (25, 32), (32, 36)]
[(458, 459), (459, 464), (464, 463), (463, 451), (451, 454), (454, 460), (460, 461), (461, 26), (26, 28), (28, 462), (462, 458)]
[(325, 326), (326, 243), (243, 244), (244, 318), (318, 321), (321, 322), (322, 315), (315, 288), (288, 289), (289, 324), (324, 325)]
[(35, 68), (68, 379), (379, 368), (368, 390), (390, 346), (346, 323), (323, 290), (290, 223), (223, 1), (1, 2), (2, 35)]
[(426, 427), (427, 420), (420, 419), (419, 403), (403, 407), (407, 429), (429, 428), (428, 433), (433, 432), (432, 431), (431, 430), (430, 426)]
[(280, 283), (283, 384), (384, 380), (380, 382), (382, 381), (381, 167), (167, 166), (166, 366), (366, 377), (377, 378), (378, 383), (383, 280)]
[(156, 192), (192, 183), (183, 185), (185, 184), (184, 186), (186, 187), (187, 189), (189, 188), (188, 191), (191, 180), (180, 155), (155, 156)]
[(541, 542), (542, 536), (536, 537), (537, 481), (481, 480), (480, 478), (478, 525), (525, 527), (527, 539), (539, 540), (540, 538), (538, 541)]
[(32, 25), (25, 22), (22, 106), (106, 115), (115, 119), (119, 120), (120, 121), (121, 118), (118, 117), (117, 122), (122, 123), (123, 32)]
[(404, 440), (440, 474), (474, 473), (473, 472), (472, 467), (467, 469), (469, 471), (471, 470), (470, 428), (428, 429), (429, 406), (406, 404)]
[(425, 53), (53, 54), (54, 418), (418, 395), (395, 394), (394, 413), (413, 414), (414, 419), (419, 420), (420, 422), (422, 424), (424, 421), (421, 425)]
[(115, 106), (106, 105), (105, 103), (103, 104), (104, 99), (99, 102), (102, 107), (107, 109), (109, 108), (108, 110), (110, 111), (111, 114), (114, 115)]
[(549, 545), (545, 423), (423, 379), (379, 68), (68, 57), (57, 101), (101, 157), (157, 212), (212, 551), (551, 547), (547, 548), (548, 550), (550, 549)]
[(274, 273), (273, 266), (266, 269), (269, 270), (270, 271), (271, 267), (267, 272), (272, 240), (240, 241), (241, 261), (261, 264), (264, 275), (275, 274)]
[(405, 398), (398, 399), (399, 453), (453, 454), (454, 451), (451, 452), (452, 455), (455, 447), (447, 448), (448, 443), (443, 442), (442, 436), (436, 405)]
[(62, 64), (64, 65), (65, 66), (66, 67), (67, 69), (69, 21), (21, 27), (27, 72), (72, 70), (70, 71), (71, 60), (60, 61), (61, 63), (63, 62)]
[(47, 49), (49, 48), (48, 51), (51, 58), (58, 59), (59, 465), (465, 466), (466, 458), (458, 462), (462, 6), (6, 5), (5, 18), (18, 44), (44, 47)]
[(25, 19), (19, 20), (20, 11), (11, 577), (577, 574), (574, 584), (584, 586), (586, 28), (28, 26), (26, 27), (27, 21), (21, 23), (23, 22), (22, 25)]
[(125, 128), (128, 134), (134, 133), (133, 136), (136, 137), (137, 138), (138, 139), (139, 140), (140, 141), (141, 130), (130, 131), (131, 132), (132, 108), (108, 109), (109, 125)]
[(523, 559), (559, 569), (569, 571), (571, 576), (576, 577), (577, 11), (11, 14), (14, 15), (15, 12), (12, 17), (17, 16), (16, 18), (18, 5), (5, 583), (583, 534), (534, 523)]
[(162, 164), (164, 165), (165, 166), (166, 167), (167, 33), (33, 34), (34, 122), (122, 117), (117, 142), (142, 143), (143, 130), (130, 141), (141, 156), (156, 155), (155, 154), (154, 159), (159, 158), (158, 160), (160, 161), (161, 163), (163, 162)]
[(253, 255), (255, 254), (254, 250), (250, 252), (252, 251), (251, 239), (239, 241), (241, 240), (240, 242), (242, 244), (244, 243), (243, 245), (245, 247), (247, 248), (248, 249), (249, 237), (237, 238), (238, 236), (236, 172), (172, 174), (174, 253)]
[(378, 374), (374, 375), (375, 367), (367, 373), (373, 488), (488, 489), (489, 491), (491, 492), (492, 493), (493, 496), (496, 495), (495, 494), (494, 487), (487, 351), (351, 329), (329, 330), (330, 291), (291, 281), (281, 282), (282, 383), (383, 378)]
